INDEX Gssoonnl’uicus.

Anatiliorum 44414 4, 4. 4. Auentini 44441114. Aquino· op. 4, 9.

444114 11444144 4, 1. 4444444411444, 11 4411444441- 444114414 4, 41. 4, 9.
4444444441 populi 4, 22. no 49. 44444 oppidum 4, 44.

44441414 4441 uni 11. Aoyneoeinenle 4, 44. 444444 4441144 4, 44. Antei
Δ444141444444.4,14. 444444144444,1. (incendetque 1144. 4444444,
444444441444444414, 29. 444414444114,29. 4,14. 2429. 114441440. 044142.
44414444 44. 4, 1. 44444 novio· 2, 24. 1144144111. 84441144 4,21. Aee·
Ancon 44144144, 14. 14. 4444- 44441444411444,10.41.4,24. 414 44411414144444444411-

444 eitun 4144444414. 41 4, 24. 4, 24. 44. 40. 4, 19. 40. 41. 1444490. 4441444 4441144 444-

4Ρ41411414411414. 4444414 4444444444144,41. 11444294. 14444444 444144-

44444414414444 quot 4, 14. 44444444 Bithyniae 441. 4, 44. 1441444, 44.

444444 44411444 4,41. 42. 44444411414444114,14. 444414414444141144,12. 4,24.
4414414 1144144 4, 21. 44441444144.4,1. 42. 141144, 12. 21. 0, 41. Are.
Andeeeepop.ss.22. 44414 oppinione 4,21. 4144444114444144144,44. 441
44414114 44411444 Aethiopiae 4, 44414444 4444. 444 41441114 412. 1444414 4, 44.

24. 44444141 noetio 1444144444. 41144144 eoique 4444114414 4114
44144441444411442. 10.11. 444. 444441444441444 1,49. 4444141444444444,24.
notationem. 442. 21. 44441441444444 0,42.
4414444 po. 4, 42. 444444144 4444449. 4444141 41444 14444. 2, 4. 4,·24,
441414444444 pop. 4, e. 44444 4444144 4, 4. 4444444144444444411444 4,21. 24,
44144141444 444. 4, 4. 441414 41444 4, 41. 4144444144 44. 4, 2424.
441414 44. 4, 44. Vindunitta. 4444411414444411414,14. 4444411444 4444144419.
44141444 44424. Aphrodisium po. 4, 29. Aeeoynthue 44444 4, 4.
44141444 fluviae 4, 22. 44144114144 144414 4, 24. 444144 4, 14. 40. 2, 104.

Andri 1444144 nire equomve. 44444114144 opp-4⁸3⁵· , Arecomicorum senem.
4414444114444141444 4,44. 44144114144444144,42. 4441144444 4441444.
441444 4411444144 144414 4, 40. 4414411ιί44 pro-ont. 4, 29. 44444441 po 4, 19.
441444 144414 cythium 4444. 421101111411 011142, 104. 4444111441 44. 4, 44.

22, 4444411114 44. 4, 11. 44441444 oppidum 4, 41.
Anemo 11441444, 20. 4414411144411114 44441441. 4, 9. 444414 fineen 4, 4. 4, 4.
Anemurium 44442224. 20. 441·,11441,Ρ4414444444444,4 4444444444 44. 4, 42.

4444414 mnne 4, 14. 44114444 444144 4, 11. 4441141141 44. 4, 14.
44441441 4444411411. 4414444144 44. 4, 19. 444114144. Neptuno 44114111·

4414414 op. 4, 12. 414114·ῧο111144. 11. 4444414 colonie 4, 4.

4414 1144144 411 4, 11. 441444 444111 proverbi, 11. 4444141 4, 24.
444144114 444144 444144 4, 14. 4414144 oppidano. o. 444414114410.

1444414412 14441214 444 44144144444111144,4. Annon 444444144. 19.

culeo 44, 41. 44114414444114,42. 4414144414 4, 24.

44444411 444444 2,(,14 ,1441441 po. 4, 29. 444414 44. 11, 14.

Anteae 444411 4, 1, 4441144144 41 1141444114 114144- 444411114 regio 4, a 41.
441441444444114444,42.1441. 114 4, 14. 4441144141444414· 444144444444244. 424.

1444414 4, 22. 4144 4, 24. 4, 11. Thracium. 44114 1144144 0, 24. 1, 2. 9, 2.
4414444144 1444414 41 opp. 4, 11. 044444144444. 1144444414. 4444144 14 14444 444114, 44.
Antoniani 4444114,211. Τ4441144,42.14. 14411414. eminentiae, 9. 44441144
Amet oppidum et 44414124. 444114414144444 144414 4, 21. 1444414114,4444144,4441414,44.

gie, ι. 4441442110. A 4114414144 po· 4411410.

Antonine 4441144444. 4441114444. 1144144440. 4444114 044144 44. 4440.
Antonine 144144 4, 4. ,4441144441441144 44. 14. 44441144 44141 44441444 4, 44.
44144 neone 4, 4, 444114411144444 44. 4, 49. 444441414 4414444 4, 4,
44144444 44. 14. 444111414 1444414· 44111 4, 2. 44444444114 44. 4, 41.
44144144 444144 44. oppidu Pheeetiiportiiee.e. 4444441444 444111441414442,14.

4, 12. 4,14. 1141441444ιὲ4. promontorium Archippe oppidoue. 1144144 loeo
4414444444 op. 4, 11. 4, no. 4, 111. 44444 4,11. 014411 tein- 4444444141144414411.
4414444444 1444414 4, 41. piune 4, 41. 444444414442104. 4441444 11444144 4, 41.
,4414444414 44411444 4,21. 44. 41 11444444 4441444444, 29. 444114411144 44. 4, 24.
44141444 1444144 s, 44 1141444414444414. 1111444441 4444441444444 4. 4, 4.
441414441144 opp. 4, 24. 4444414444 4,41. 4444444144 ineo 4 4, 24.
4411414444 ,4,14. 4441144411144 44441441444 Ae· 44414444444 44. 4, 44.
44114444444414, 24. 4, 20. 44, mei 4, 10. 44414444 egee 2, 94.

9,14, 44444 4414414 4, 14. 44144 oppidum 4 1144444 eonii.
441144441144 1444144 4, 44. 4111141111114420. 14442110.

441144144444 441 crediti 4, 21, 4444414414444114, 14. 44144144 4444144 4, 44.
441144444 1444144 3411444444 4114144114 4141441144 4441- 4444144 po. 4, 14.

2421, 4411444414. 44444. ’ 44414144414414844144444444.
4411141441 popuii 4, 42. Apteron 44411444 crotone. 24. 4444444144 444144, 14.
44111144444 44444 4, 11. 444141444444114414. 4444144 Arene op. 4, 1.

4444441444. 114441441444, 25, 44411444 qnod 41 Venio 4, 14. 444444 4444144 4, 4.
441144444444 44. 4444144 4, 1. 444411441444414114414. Apuli 4441144444 leone 2, 104. 4, 41.

4411444444 4444441144 4, Ιο, 11411444444114,4. 444114414· 4441444411 44411111. 4,Ι9.

- 441144414144411444.4,44. 44144 4, 40. 44414441444444 44411444 4·444414444,21.12.
441144414444144,14. oppidum 1414414. 44411444 44. 4, 11. 4, 42.

4, 14. 21. 24. 40. 44, 4, 14, 41, 4444444414. 44414444 eon synemenon 2,
444144 4, 14. 21, 22. 44444 8441144 4,.’4 4,19. 814- 11, 4,14. 1144441144 4,12. Eu.
441144414 44411444 14441414. tyollonine³‚‘t. TherineeSi· 44444421.
1114111... 1.“’”1.1111’..11Ϊ1“.“““111 1111111111119·
44114441 144414 steyn· 4, 44. 4144 4, 21. 014444414444 41, Areon 444144 4, 4,
44114411441411144 4, 24. 4, 9. 4. 41444444444 41, 4. Aee· 4444441444, 44.
441144414,44441444442,41. 4144444. 41114144414, Ve- 44444444144414441.
441144444444 po. 4, 11. 44144444 11. 814414444 11. 44444144414414444.

’ 4411414114442,24.4,211. 411414414. continete. 41 42. Argentini 1141144 44414.

4441144144 441 crediti 4, 24. 1441114414141. 1414444442). 4444444 11444144 4, 24.
441144114 4 411444 4, 4. 1144414444 41, 42. 4441444444 4444144 44. 4, 20.
44114411444144144 44. 11. 414444444414. Τ444414411. Arsene 44444 4, 4.

Antirrhium 4444441, 4, 4. 1114444414444 14. 14414444 41, 444144 14444144 4, 44.
4411441442, 92. 2442. 4441411442 14444444 44414444144414 4, 44.

4411444 oppidem 4, 49. 41, 44. 4441444 1444414 tenplum 4, 9.
4411444144414 2, 411. 44. 444444444444. ’ 4444114444144444144.
4411444 colonie 2, 1111. 4441441144444 44. 4, 4. 444441141144 4, 14. 64444144 4,
4411 441 popuii 1, 24. 44411414 oppidem 41 eine 44. 2.1,41. 11,24. 111441444414.
4414144444 44. 4, 44. men 4, 22. 4, 9. Ρ41444144444,14. Argoo
44144144411144 44. 444. Aquiloni 44. 4, 14. regio 4, 10.
44444441144414. 11. 4444144144 4411444420. Aaronom.

61⁴

414

4444444 1444144 4, 24.
Argyrippa op. 4, 14.
4444444144 44. 4, 24.
4414144414 4, 14.

4414 regio 4, 40.

4414444 44. 4, 10.

4414444 op. 4, 40.

441444 regio 4, 24.

441441 ο. 4, 29.

Arinen eop. 4, 21.

Aricino ervo 4441444444 44414414
4414412, 111.

441444144 44. 4, 19.

4411 44. 4, 24. 29. 42. ,
4414444414, 24. 4,19. ’1, 10.
Arimi 44. 4, 44.

4414414444 4, 20.

4414441441 popuii 4,1. 14.
441444 444. 4, 44. 49.
44141444 144414 4, 19.
Aristono 44414141 4, 18. ’
44144 fluvio· 4, 24.
4444414444, 1144444144 4, 40.
4444441444 1444414 4, 20.
4444414444 1444441444414114
4, 4. 4 eq. .
4444444144 444144 4, 21. “
4444444414444 4444114411.
4444141444 444411 4, 24.
4444444441 44. 4, 24.

Arenae 11441444 o. 2.

44444414 regio 4, 4

4444144 44. 4, 19.

4444 44. 4, 14.

44444 1144414444.
4444441441 4, 4.

Arnen· 11444144 4, 14.

Annei 444444 4, 40.

44444444 1144414411, 24.

’ 44414444 8441144 4, 14. 4. 14.

44444144. 4, 14.

Arpi 4441414444 ib.

444144444 po. 4, 9.

4444 oppidum 4, 12.

44441 popuii 4,14.

444441 4, 4,

Annene 44414 4, 41.

44444141 44. 4, 1.

444441 4. 4, 40.

4444144144 44. 4, 44 44.
4444 44. 4, 4.

4444414 regio 4, 24.
Amo-lituo 44. 4, 24.
Amnon op. 4, 10.

4444444 fluviae 4, 20.
444444414 op. 4, Ι.
4441411411444, 4. 21. 21. 29.
4441441441 44. 4, 24.
4441444 4, 41. 10. 11. 12. 14.
4414444444 promontorium 2, 112.
4414441444 44411444 4, 24.
44444444 144414 4444441144,
4414444444 44. 4, 21.

441444 444144 4, 40.
Attente 4, 11. 14.
4414414144 44. 4, 21.
4414441414 1444144, 12.
4414414144 neone 4, 10.
44144114 144414 4, 2.
44144114 44. 0, 40.
Arte-to· 44444 4, 9.
44144441114414444444 44414444.
14444 44444 vesi 4, 44. ’
4411441144 1444414 4, 49
44111144 4, 24.

4414441144 144414 4, 22.
Artigula 144414 4, 44.
4414414 etogium 4, 40.
441444444444. 4, 4.
4444414 44. 14.

Arverni 44. 4, 44.

4441144 po. 1144.

44444441 populi 11413·
4444444144 44. 141·
44444144144 4. 1.

4444444 44. 4. ²⁸·

Aur oppidoue 144.
44441444 4414414 4, 14,
444414 44. 4, 14. 4, 44.
4444414114 4 ,4, 24.
4444414 ineo 4 me. Aeeeeiee

 

