lunssx 1111110101 141

1110111110οῶ. 101011001010. 0100011..01110001111Δο00001111 crocum-iungunt·- 2002 1111111010, 01. 0011101101 01
00001101111001111,10.11111110 1010101110 11, 1. 10100111.010010011111011110,101010,00. 111110001101010011101001οΜ,
[110010010011001. 0011101100. 01000001..0,10 1100121,Ιο 111ι111101111100111· 0001001010100111101111101 001101.
001100111011002,00. ciat-emmiu 100110 quui· 21, 1111112001. 010110100011. quod 0011110001. 1110100011111,1ι11
00111011101101111111,01. 0010. 001010012011. 0011000110 1100011. 000. 0110111111.
0010110101110100, 11112. 010110100001111002. 000110- 0010111010. 101100100011111. 1010. interdunoppiduuffo·
0111110011110100011 0001021, 010101102000. 11001101001100021,10. 0111 1111101010. 01.
10. 01010100 0100001111 Ungui 1100 opti-unm& tmdulte· 0011110 001000101050, fem,
001111111110100101010100111, 0011. 1011112011. 0110000001011101 100010011101110,01. senem
02001010011001101001010010011 0101001101 gom 01, 01. 110010012011. anticorum 10000010,00.00,11011111,10110.
001101111101111011.1010. 000101000101001100101111. 2001. 100011111οκ 2001. bulum
1011000110100021,11. eoru· 01010100 0101010010011. 0100110000101110111012. 00111011. 2001. 10οθ. gul.
001 21, 00. 00110111101101110 010101020. 01000110010101110001111100,00. 11100000001110111002002. 011.
2011. · 1111101112. 11· sunum 110100100110000 000110.
00110101010111021,100. 01010100 10100. 2112001. 22, (310011011111000110110100101 000001000001. 000011001100
00111110100011111010100000002, 01- 21,102.20,1.20. 10112. 01111 copim, 1011. 1000. 10101001110111020,00.
21, 0101100001110100,10010. 10001010001111011001,01. 000110000011010010111012011.
Coneuvemeuinmedicinam. 010101111111 010111100010102. 010101100000000. οιιιι1100011011110111010,00. 00
0011000010001110111,00. iu 01110111010100000,01. 0101011 00001101. 00110111111000,01,
0110100100. Creditur optim experimenti· 01001010000110111111 0111201. 00011110100111111000010 Verri!
0000000010.10011110 quo 001- 100. 0111110110 urgenti 100000, 01. Cicerone ,1111111οω 000 5
10100100, 01011010 0000010 quaudo 000- 01111011101110001111111.1812). 0101100000 1000. picem 10111111
0000111110110111110101112000. ptum 11110000 1, 00. 2021011. 1020 0101101101. 0000001111
contutum consideratio 11, 01. 010010111101101111011011ἶ 01111111οί10 1001011ὶο 20, 01. 11. 1030,1,,,1110111111111101111000
10011011000111011000010. 111- 0101111011021,10. 01. 202000. solistumum& cuprum
11011101 10110111 20, 00. 0100110000ὶηί 000100101112101. 011110 0011101111010110110 10102. etism 1000, nm „m ¹⁰2⁸&
00011011001000011110101101020. 010111001101110111111100001, 10 100. 000011111101100100110111010.
0001011110 supplicant 20, 00. 1 11. Cum 11 lb ¹¹1⁸ 10011οΒ1111 U· 10111 1010111. :impunitum
001111110000011101011000,10.. 0101001011010001111010110,00. 101. 10110110,10,.,,,,,,,,,,ῑ,,11,,,ῃ
0011101100ὶο 11011100 medicinae 11010, ute. 00, 01. 10. 001011- 01011100111111036, ²⁸· 1011. 0110001011111,00. 10·
20101. 100. 2010100000. 11010101. 1111111ιο01010. 011111001011111115111· 11011100001111110 0100111101110
1010, 8011110110 00, 21. 1111011110. 0100111111101001110111110100010 101101111010. 100100101010.
001111000110100011001011110,οο. 010001011111, 00. 00, 21. 00. 011100 00 2100. 1100 0000 21, 01.
0011101111011110 consideratio 000010011110001100001.11000 (31101οΙ1101110111121100. 0001010111001 onena. excoque
10, 0110. 0011. 01011000. 101111011000,00. 0101110100- 0111101110001ι10011010,110110, 1111011110001,
100 00, 10. Armeniae 00 11. 1010001100110011100111100,00. 1010000. 1110101100111011111. 001.11111111.10111[1111η,0,0
0011010 1110100011, 1111101111- 01011 1110010 1101100111111001. crystallus 01110001001111111111110 00 ωηοηαςιῑμῃῑῑωηῃ.
” 11101011101011111011000. 011- 0010. 011110110 0011110010 iu. 0111000111110.
001110110101011000011111011010, 1110100010, 00. 0100100110, 01 1010101110011011112· 0010111011, 1110001011100011.
10101001. 00111111101011111 000001110010001111000. 0100100 2, 110. 1, 2. 11, 010. 011110111101101011111,0.
100000. 0001011000001120, 010101010101101110001001101111111- 00010. 0011. 0111111001110101011102,0.
01. 110010111101111111111001011. 10010000010. 0001001001 01001111100001011100 01111110110000010100110011001.
101110101101100111110,10. quo· 0011110010. 01011101111101011101. 11011110 010011101011111,10.
11011010011101010011001111000 0101101111 amylum 10, 11. 01001 0100110100010001011111110111. [1011111111.,10101011110111010,
10, 1001. 21, 01. 2010. 110101100012010. 00. 01001101010100111001100119011- 1. 10000101101100010111 101111·
0010000 11011020 21. 102010. 000100002001. 01101100110110101100111100010 11101 10, 2000, eur 1101110101
00110 111000011100 10, 21. 0101111100 101110 21, 00. 101100 §3³- 11111001, 10.
001100100110000001111011, 2001. 2061· 10011010102011. euuituuquiliterhibendum· 00110110111οι1110011110001010.
00110110·111100110010,21. 0111101010011000101101020. Cubitum 0110000110ιί0010 10101010. Curio 000110 01-
coturnicis 0110 consistentia 10, crinitae 0101100, 11 001, 00010100 00. 01110021 10.
00. 00111011001010101111110,οι 2,22. 00101010 10110000Ιί0 2011. (1011011010001000101000000.
001111110Ιί1101101010110010110. 0111100111000101000111110112101. 0000110010001101110101101012. tur 2001, 001101011010110
{annua pro 01110 gratissimum guiupu 0111110ίῦ 11001110 11ἰ11. gua 10, 11.), οἰςὺιίιῖισίἰ111180616οξ00 010101101002101111001000110
,,. 1111 0110 . ,. . 01100110010011 .
00000100010110110110111010. 0’0101“101101111”1101110’11. 0000001011 geum 1111111, 20. Ι11101021. 01,ιο022. 0011811).
00000001011010010111020,0. 1101111011. 0011101111 toto 00110 0010001111 0011001101110100111001101100
coxendicum morbi 1011101110 20, Crispus Puniens 1110 00110111 11.01010000010000000010110, 1010,
01.00.01.00.21,00.00.22,10. 0001101001. 21, 01100101 0100 01111111 eun· 00100100101001001011000.
11.11.21,11.01,00.21,11. 01100001101110101101111011. uiuentium. 11. eum-inon- 001000 0001111010 inpedimen-
20211, 0. 01111011111000121,20. 0111011110 10, 22. 20, 2. 0101011 10111000.
0101100001010110010000111110- 011010000100111010010101101111, 001010011110,21.1010110110 0011100100111001000021110.
1101021.111001011101101011110 01. eristum· 0011101110οσ1. 0101100101111110021. ”m curuli 110011100110010010111-
2011. 0010, 1100011011 10111111 01101011. 0001010110. 0101ιοὶ000201 0100 00110111 010.
20,0.000011101000111010110001 011110101011101100 01, 10. 'ubi 0011100200, 0110111110ιί11 01001110000111100.
1020. 0111010100 Philippi 1100011. 000- 00001100100100000. 0111101211 100.
0101001000010110011110001001· 011010110001010101001. 0000011100,11001,0000111000 0110100111 0110 0011110010010
111001011111111010,11,”’ 011101100ιο0 001. 0011010011 {numunianum 00110.
01001110 01000100010100 20, 01. Criton 0011111111 10, 11. 00001011110011010, 10. 001001000100100111110110110.
010001001100101101110111101020. 010001110001111100001. 000001110011011011000011100· trimum. 011111111111110111
cripui-1 1011001110 1011111110- 01001000111000011. 01101000102021. 000011001- 2010. 0011000111οα10111,00.
quo 20, 01. 01. 2011. 01. 00. 01001100000000101102. 001- 1010οΒ- 1110111011 20. 1. 1. 11110· 010110011020002101.
22, 0. 2011. 21, 00. lyrium 21, 01. 0010001000111ιο011100 11, 0. 2011. 20111. 1210101000.
frunimium, 000110 01110110 0100111011000011021,102. 0011000 000 miliani gruinini 2120000001. 20 02. 2021.
0011001020. 01000111002020.0000011110110, 1001. 001 0010011010. ni· 20,01.00.00,10.22,21.20.21.
00001100000111110111100001011. 01. 2012. 10001111110011,1. 0011110010 0001.
011010. 010100111001010000101010. 1001101010011011,0111. 01111- 0100001010111110000110001,
010000011100011111000010110001 1110011000. 00101000010100. 100 quo 0000010110001110110 u
0010001.’·..1;11; 0000000111. 01111101311100111110111ος...
21. 0111111010011110001800110- 1101111000200 0101111102, 0111111011111111111111 Cynum 0011011. 88·
0011101010001111010,00. 00011 00. geum 1110, 010111οι111 imprifleo 10, 21. 011111 00100 2021. 00.
001100 010110100011. 010. 11011010100000 20, 20. 00001 011110 1100110 0101110 0110011010, 0101111000110001101021, 100.
0100111101011101110100101011- 01000111100 1011011100 011011100- 20. . υ 001010 quo nunu 1100011101·
10001010111111110000. 100. 1012001. 0010. 0000110001 00100010000111001011011118111 110101. 0110100110001100110

00011,00.000111102,00.011001 1101001102,10.01.000011110110 10. 0101000001122. 010000110- ,

00001111101110011100111. 0011100111οΛ1. uuae-nono 011010001111110011101110, 100 0001111111010110111001110-
(31111101110111101111111000.111. puniuntur 11. mu 1110111010 10. 0111100,11.0,11101010 0001.
11111011Αο100000 1101101101. 10100111110110110000001. 00011- 00110100 101100 0011111001οω mm. cymucuuuuiu-
11ῑ111011111110101110101 100οω001οκ0010.111101000000011011110001010212 110010 1111110011, 00.
011410. 00100001000101 011. tuntum 10011100 111110- 00111100001101011001101101 0]1110000110,1.0..02,00.01.
13· 1101001101011111,10. 1010110 000100 200001. punn- 01011011010011111010000011.
'icium 000011 ¹³· 11111010. 01, 00. 01, 01. 11000111110011011. 10 01111111 nauium 11, 11.,11.
'k 0111010111· Ἰ0. 001010. 1111011010110111111110110. 010000001010101. 1. 0010.

Hm. N 56

 

