462

4414444444 po. 6, 26.

4441114414 op. 6, 4.
444444 portius 6, 1.
Acontius 41444 4, 12,
44141411444 op. 6, 16.
Aera iapygia 6, 16.
Acragas 411. 6, 14,

4414 411, 4, 26.

44144444 po. 6, 14.

Acritas promontorium 4,1.
Acroceraunium promontorium
4,11,26. 4,1.2.
44144411411114 4, 6.

4414141144 14111146,26.
Arretium 411. 4, 11.

Attenia 11141114 4, 26.

4414111 4411111144 4, 11.
Actium 44141114 4, 2.

. Actrisls op. 6, 62.

Aerios 1441114 4, 26.

’ 411444 op. 6, 22.

Addua 11111142, 161. 6, 211. 26.
411444 op. 6, 26,

4111414144 po. 6, 66.

4111414444 regio 6, 16. 6, 11461.
411111414 414444, 12.

,46111444 locus 6, 66.

Adonis 41411146, 11.
411441114444116, 62. 16, l.
Adrastia 4414414 6, 46.

4111146, 16. 16.

4111144114 op. 6, 6. 6, 66.

, Aduliton 11111164.

Adunicates 114. 6, 6.

s 1111111144111144 6, 6.

Aes oppidum 6, 4.
4444141114 6, 66.
4441111411 4111111114 6, 66. 1114-
montorium 4, 16,

Asu fluvius ⁸0²⁶·

4444111 po. 6, 16.

44411441 po. 6, 16.
4444114114 op. 4, 26.

Aegeae 1411144 6, 61.
degerim 411114 4, 16.
Aegialos 1444 4, 11.

Aegida 411. 6, 26.

Aeginium op. 4, 11.

Aegialia issula 4, 16.

4411114 4, 22,

Aegilodes 41414 4, 6.

4411144 ins. 111144 1341114114 6, 12.
,4411141411 14411144 6,1.

Aegina 11141144, 16.

Aegion 411. 4, 6.

Aegipeoi Aethiopise 4111111114
e, 66. Aegi 444111.
4411114414 ferorum 14441114 6,
Aegira 114414 6, 46

Aegira 4111114144, 6.

,441114 1441114 4, 16.

Aeros lisvlus 2, 66. 4,16.
44144141144444 populi 4,11.

6,14.

Aegyptus 444 carnit Septen·
1114444211. nonquatilurler-
raemotu 2, 62. Aegypti pers
144414444141111266. Ae·
111111 4114446662. 14111114-
1146416114 . 4144111111 61,
1111. 44411111 1111414461, 11.
41141114 61, 22. Aeg. 111111 4411111
4141444246 fulminibus 11114.

INDEX oso-Guorfflcus

44441114 eadem 111144 14444414. 411441 14. 6, 62.

1114 4, 11.
Aeminius 11111114 4, 66.
4441444 4414414 6, 22. 26.
44414414 411. Norici 6, 21.

Aemus 144114 4, l. 16.
444414 1441114 6, 66.

. Agrigentum 411.6,141

411114411411444161,41.
Agriophagi 114.6,66.
4111114441 1111114144 14. 6, 46.

. 44444144411414444114414. 411111144441444144146,4.

41144111,111.6,66.
Aguntum 411. 6, 26.

444411414411146,12. 6Ι,6. 1666. Agyri po. 6, 14.

4441411444 1141111114, 6.
Aeonum oppidum 6, 66.
4444114 4111144 6, 22.
44444 op. 4, 16.

,114414441111141114 uss.
4141144114 1111626.
4141441144 4114141114 61, 66.
4141441144 fluvius 6, 62.

444114 insula 41114111 2116. 6,14. 4141441114 opo, 11.
444114 regio 44144 6, 26. 61. 62. 1114411444 po. 6, 4.
44411 414041111411441412. 414114 op. 6, 66.

44411 1411414626.

,411411141441414 11111 Aelaniticus

44411441411144414, outo. 6, 64.

Aeolium 14444 4, 16,
4411111411441 populi 6, 11.

41411 po. 4, 26.
Aloros flrrvins 6,11.

441144111111446,6. 144114 Cre· 41144111141144111. [1111144144

14 4, 21). 26.
Aesopus 41114146, id.

6,4. 1141114446. Pompeios.
6. 11141411.

444411411111411111144,6. iuos Albe 6114111411111144144 6, 4.

4111411142, 101.
444144111114616.
44411441111114 6, 46.

44441441 populi 6, 6.
44114114144114 6, 12. 6, 66.

4114441444114. il.

41144144 descriptio 6, 12.
Albani po. 6, 11. 1, 2. 6,16.
4111111144 po. apocrisis stetim
ceni 6, ab. 1144111 1111114414-

44111411411144 Aethiopicum. 1411111 cernunt 11.

4411141411111146,66,

4114414114114 6, 6.

441114144414111111666. 4411111. Albanum 41414416.
411114ιί4111 mara 62161126. 1111444141, tortique cupillis 4114144414.6,6.11.
44114 444111 provenirent 2, llo. 41111141414111111416,1.
Aethiopes 11441141116,611. Aetli. Albion 1111141414 4, 66.
4111411411111111166,66. Dera· 41114111111114,26.
111446, 1. Perorsi 6, 1. 6. 4111- 4114441444 po. 6, 26.
14144 6,14. 1411141114114114 41111411114414111.6,111441.6,11.
1411111211. Tarelei 6, 6. 4411. 4111114, Tiberis 66.
gentis descriptio 11. Aethio· 411111411411111111116,16.
1114114114 1111141166. 1411111441 41444611111146,46.
1411114414114411111411,1.4411. 4141144444444,11.
emporium 4114 'trogloditis 4144411416.

4441411144, 4111111446, 64. -

41411 4441111122.

Aethiopis 6, 66. 4411141144 era· 41414 driusi, 6.

’ 44 66, 11, Aegyptiorum ermis 41441111111146,61.
⁸²³¹⁰⁰¹'¹’³‘¹''“¹⁴‘¹'· ⁵⁹²²·⁸² {iiiiiiodilo'til‘il· 11112111111112·
11111 ici 414114 14411144 6., uo. 4111111114.11.’ ’
4414141441 smaragdi 61, 16. Aletium up. 11.
111141114111441 441414 4,,4, 441411441411111, oppida, 61111- 4144144144 111126. 6,16.

4144141481114114426. 6, 66.
Aethusa 1441114 6, 14.

illebrandum.
Alexandria Ciarecense 6, 61.
4144411114411144114141141114-

441444 41111114 descriptio 6, 14. 1141444141 2,11. 41. Τ1441114

1444411142, 1116.
Aetnenses 1141111116, 14.
444444111144, 6.

mmmm
lliuobtli:cdsu;d.lld2. 1411111

4111444 descriptio 6, 6. 4, 61. 11411011111444141,11.1411.
141114 41114 pers 6,1. 411144 114411111116.11414114411111
41111 4441144461. quibus ib. Ssrslisnsib. Alexandrise
441441111144114416,66. 1141- nomos 6, 6. 414444144444·
44111111 4111114461. 1441111414- gypsi descriptio 6, 11. 6, 66.
411411Ιὶ411. 141111141441111· 41. Ciliciae 411. 6,22. 1411144
1141441411116,1.144144444111- 411626. 0414441446, 26. 41.
14141411144111. 1141141111 se· et Zuliopolis dinastia 6, 26.
1441 nobilique 2, 62. Airicae 411Τί111141 licerium 6,61. 41. 41
44441146, 6. ms. itinera 614111444141441146, 66. 414-
serpentes 14144 114 infestent 4444114411416,21.

, Δ,1,,,.1,,,,,1.,,1,,,1,,1Α,111,,,. 4, 4. 11411111,44144144,1111111114 41444411114414141444114141-
11. 1441144 6,1. 4111441166, 62. 11161621.

,1,11111114 rubeo meridepfmloe solitudines 6, e. Africae 114- 4144441141111114411.6,21.
ma, 441, Pyramides 111, it. rietes 41 14114 66, 46. noctes Alesieoppiclumslds.

444141414411144262.
41441111 14111116, 62.
4141111144 populi 6,1.
41444114 op. 6, 66.
41441441 1146, 1.
Aganippe 111114 4, 12.
41444414 41111. 11.
Agreus 1141114 6, 16.
4114114411. 6, 6.

411414141 populi 6, ll. 11.
411411141111111111, 11.

4114441111 fluuius qui 41 ilelia-
amoos, 11. lt, 10. 211, 61.
41144111441144 6,64. ·
Aliphiraei 1141111Ιὶ 4, 16.
4114144444 1141111114, 11,

41111441 popu 1 6, b.
41141141111111411143, 6.

41411112, 61. 4411111144411. 414111111111181411144 4116, 14. 414114414441141141411411414.

11114 6, 6. Aer. ditionis 14141.

4141111141 114.6,6.

41114 Salmydessos 4, 16.

4114 6,10. 441. 1141114114 11. 4111111444(11442414144.4,26. 41444411141144,16.

44111114411111114411. 11, Aer.
sd 111 14111 nauigatio 1126. 44-
ἵ4ἷ11444111411111ν11111464 111·

Agedl ΡΟ, 61 11
4144114144 pe. 4, st.
[21104114. 3131 ο
4144441466.

4111141111 populi 4, 11.

414444 fluvius 61, 141.
414441441144144144414266.
41411111411116,611.

111114 441111141ιὶ41 6, 24. 41. 411411114144411114111411. 41441111441111411.4,14,
4111111114 4141411416,66. 41414411141111144466,61. 4141144411.4,12. MA

4414114 41114,
Aelaniticus 4141411.

4114111111 op. 11, 611.
41144411. 4, 16.

414144444444 144114 41 oppi-
41111 4, 24. 12,11.

414114441441144,26.

41441111114111116,6.

4111444 oppidum 11.

411144 1141114114 imperio salsber-
rimsem. 41111141141441411.
1141414466, 1. 4414114414-
runt 2, 62. 411111441141411114
61, 10. 141111144626. 4111.
11114 266. 14411144141444621.
1444144 6, 24. 1141114414 ml.
Seliurses qualis 21, 21. gemes
4 114 1141114124.

4311414114 41141142, 166. 4,6. 111.

r 1

4111114461,22.

4144 ouvius 6, 22.

Alsium 41111446.

41114141 4111621122.

4111411114 Sicilire opp. 8,st

411444 1111111114 2, 6.

4111441411446,24.

4111114414411411111 6, 26.

4441411141, id ess 0444411164-
11144111414114 6, 1.

Amendae 141114 626.

4414411411141111114, 11. 6, 26.

Amantes pop. 626.

Amanus moos 6, 16. 6, 62 66.
41. 1141144622. 4444141141-
11114411

4441111 populi 6, 16.

Ameria 411. 6, 6. 4

444441 populi 6, 1.

44441114 oppidum 6, 2.

4144144 populi 6, 26.

4111411441 populi 6, 62.

Amathus oppidum Cypri 6, st.

Amaxitos op. Baridir 6, 26. 14-
414 Τ14411146, 66.

Amazonicus m. Tauri 114146, 61,
44444414411114 4114414161.
4444411114 4444 6,1. 4144444.
44411114 cum Maeotidis acco·
11411. Amazonum 44114414. 16. ’

Ambiani pppuli (deliine 4, 46.

441114 propendentem&

Ambit pop. 6, 42.

Ambracia oppidum 4, 1. parire
281. 4111114 2, 92. Ml.

Ambrysus 411. 4, 4.

444144 4111111146, 26.

Ameria oppidum quando et 4
quibus 44411146, 16.

Ameriola oppidum 6, 6.

41111114 11111146, 1.

4411411141 op. 6, 2.

,14114114 fl. 4, 26.

Amithoscuta 141114 6, 24.

Amiternum op. 6. 6.

Amiternini pop. 6, 11.

44111444444 1141111116, 6. ·

444144444 po. 4, 66.

Ammon. psum llamsuuss.

44444411111 1441114662.

Amnon 11111114 11.

44441411 114 Attacoris lib. 6211

44141411 populis, 16.

Amorgos insola 4, 26.

Ampeloessa op. 6. 16.

Ampelos op. 4, 11. 20.

Ampelusia 1114414111. 4, 16.

Amphilochium quse 4111114 4, 2.

4411144114 op. 4, 21).

Amphipolis 411. 4, 11. 16, 111.

4411111444 op. 4, 4.

4111111441141111116, 62.

4411141144 populi 6,4.

4411144144111114 6, 1.

Amyci 11111114 ,1, 46.

44141444146. sserpaotibes
delelse 6, 46.

Amymone 111114 4, 11.

41411114111. 4, 66.

4444111114 opp. 6. 61.

4444114 oppidum 6126.

Anagnini pop. 6, 6.

4411111144 14111114, ld

4441114114 14414 16, 44.

Aualites pop. 6, 62.

Anapauomemos 111442, 166

Anaphe 144114 2. ab. 4, 26

44411441 populi 4, 16.

44444114 durias 6, 22.

 

