stt

Ascaatici 1111111 9, 1.
5111111111 po. 5, 32.

ῚΝΒΕΧ 330335331933

11111113111111533. Pbrygiae Athamanes 11111114, 3.
1111111411. 511111111111119, 5151111111.5115.5,22.
23. 11111115,22.1111111115,43. 515111151111 Aegypti nomos 51111111,111111Ει111111111111111

5, 9.

Auernos 11111139.
5111111 11111111 4, 29

4, 24. 5, l.

5151111111 descriptio 4, 11. Axiacae 11. 4, 25.

5111111511511111111524. 11111111111111111111.11111111111111. ⁴

Asccmarci 11111116,1.

5111111111 11. 3, 25.

Asculum colonia 2, 18.

511111 11. 5, 19.

51111111111115,35.

Aseni populi trium 1151111111-
111523.

Μῷωώω1

5111111111111111115, 9. 111111
1111111111 3, 11111. ubi 15311-
111111111111111114, 12. 24. 26. b,
411. 43. manatura 5, 9. proprie
dictae 111111111523. rantes
quae interierint 3, 33. 511111
ugione 1111111111, 34. 511111-
munerebus. Aalaefinisb,
43. 1111111521. divisio 5, 33.
Asia et Europa quantum inter
1151111115,1.2. 5111111111
11111115, 43. borea quales 11,
19. Asiam Is 11111 118111111-
111 111111 peninsulam efficiunt
2, 59. quibus maribus cingatur
5, 14. 51111 termini 1111111111
titt. 11111111111111111111-
.1511,1.11..1,·;“·1·
Asine 111.4,1.

, 51111111111111,1.

51111111 11111114,1. 19.

Asis-instes populi 9, 19.

5111 111111 5,22.

5111511 1111159.

51111111 1111111119.
5111111111 11. 5, 22.
511111111111115,25.
Aspendum o 11111111 5, 25.
511111111111 aeus 2199. 4,21.
32. i, 13. 5,15.

Aspis inaniat, 19. 5, 25.
Aspledon 11. 4, 12.
5111111111123.
511111111111. 325. ⁴
5111111111 11345.
5111111111 11112, 33. 522,
51111111 11. 4, 25.
511111111111111111 naara quan-
tum 1111111531.
Assyriorum initium 11515, 23.
5111111 11111155115111 111111
5,13.

5111111111 Nili 11111115, 19.
5111111111 sinus 5, 43.
5111111 otarius 2. 195.
511111111 111. 5,43.

,51111131
materiamina.
Astapa-,Nilos 5, 19. 1, 2.
511111111111114,22. 5, 32.
Asteris 11111114. 19.
Asterion 1111114,9.

511111 regio 4, 13.
5111111154. 3.
Antoniorum gens 1,2.
5111151 11111114,22.
51111111 1111111131.
Astura 5111111111111111 2, u 12.
Astures 11. 2, 4. 2. 4, at.
511111111 prouinciae mensurat,

Astosapes Nili nomen 5, 19.

51111111114,23. 2, 59.

511111 11. 5, 32

5111111429.

Atabuli Aethiopes 1151535.

51151111 inatile ubi 5, 33.

51111111 insuia Buboaaa queo·
11111 iuncta 2. 99.

Atargatis 1111 ubi 5, 19.

Atarneo 11. 5, 32.

Atax 11111111 3, t.

Atellani 11, 39.

51111111 111111 2, 9.

Ater 11111115, t.

Aternus 51111111 3,5.

511111 11. 3, 22.

Atta-as mons 4, 13,

niensis portus 2, t. Athenis
Aesculapii 11112155. 51111-
narum arx 1, 51.

Athenopolis 11. 3, 5.
Athesis fl. 3, 29.

actos mona 4, 23. 11. 1, 2.
mebw
511111111111114, 23.

511111115, 35.

51111111 11111111111111115, l.
5, 35. insula 5, 35.
Atlanticum 111111 3,19. 2, 92. 5,
Atlantici Galliae 1111111 2,.5.
51111111 111, 5, 3.

Atrax 11111111 3,3.

Atrax 111.4,15.

5111111 populi 51111111 a&
Atramitae 111. 5, 32.

5111111 11. 3, 16.

Atrebates 11. 4, 35.
Atropatene 11. 9, 11.
Attacori 5, 29.

5111111111 11. 5, 33. 42.
5111Ιί1 ou. 5, 32.

Attali 5115115311.

Arusini 111. 5, 13.
51111151111111111 5, 25.
511111 5115111 ti, 32.
Artena 11. t. 35.
5111111111111111114, 11.
5111111111 11. 3, 19.
51111111111.3, 15.

5111151 11. Baeticae 2, 3.
5111111 11. 5. 29.

511111 11111111, 13.
Auchetae 11. 4, 25. e, 1.
5111111111111 11. 4, 11.
Annuus 31111113, 15.

’ 5111111111111111.3,11.

5115111111 111. 111.

Augurina 11. 3111111132.

Augusta Firma 11. t, 3. ’311111-
norum 3, 21. 5. noea 2, 4. ge·
11111139. Tricastinorum 3, 5.
1111111111 3. 5. 21. Varianae·
rum 3,1. 3111111114,34. 111-

. 11133. Emerita 4,23. Augu·

stani 11. 3, t. Augusti 11111-
11111111111111 descriptio 3, t.
Angoati 1111511111 11 Alpibus
3, 24. Augusti coloniae 5, l.
Aargrrstobrigenaes 11. 4, 35.
5111111111111, 5, 25.
5111111154. 3.
5111111111 111. 5, 4.

51111111 111. 4, 32.

511111 oppilent, 12. 21.
51111111111111111 5, 29.
Aulocrene mons 5, 31.
5111111111. 4, 5.
Attiou Cilici-a, 1111111111 5, 35.
5111111111114,34. ·
Aurelia 11. 3, 3. 4.

⁴ 51111111111111111529.

5111111111 qsai ct Saturnini 3, 3.
Aurunci 11. 3, 3.

5111111 11. 5. 55-

511111 po. 4, 33. ”

5111111 fluuius 3, 9.

511111111 po. 3, 4.

Ausones 11. ubi 2, 9.

Ausonii 1111111 1111111113, 39,
Ausonium 1111111111 3, 12.
Ausonum 11111 3, 15.
5111111111 insula 1111113111-
11ῐί1 4, 23.

51111111111111115,22.

Antei 11. Arabiae 533.
511111111115. 1. 1124.
51111111111.2,19. 4,23.
5111111111 11. 5, 22

5111111111 reus 3, 4.
Auximates 11. t, 9. 13.
511111111111 gans 2, a.
51111111 po. 3, 9.
511111 11. 3, t.

511113111115, 29.
Asa 11. 5, 19.

Azali 111. 3, 23.
Azanium marem.
Aurei pou 31831 ἱ
511511111111111 522.
Azochis 11. 5, 29.
5111111 11. 15.

5111111 11. 5, 14.
Azuritanum 11. 5, 4.

Β

3155111115111115. 1. i
Babylonia region, 13, 3, 23. 29.
39. 31511111111111111111 2,19.
3151111111 11111111 ardens 2,
119. 31511111111151111111111111
539. 11111321.
3151111111.5,31.

3111111111 111. o, 22.

1111151 1111 propa 31111111 fla·
mmmm

’ Bacchiae insulae 5, 34.

Bacebilitaco ,5, 32.

311511111111 15, 33.

Bactri 111. 5, 12.

Bactrum 111. 11 fluvinst, 11. 13.

3111111111 5111111151.

3111111151 11. 5, 22.

311511 11. 3, 3.

Baetica 11111 3, 2. 3. 31111111
11111111 adiacentes 4, 25. Baa-
111111. 21119. 3. 3. 311111 ariri
1111112, 199.

3111111111 111. 5, 19.

1111111111. 5. 35.

montanarium 2, 14.

11111111- 11111119.

Balanea 11. 5, 19.

Balari 11. 3, 13.

31151111111111111 5, 23.

1111111111. 5, 23.

31111111 11111111111112, 11. cu·
nicuiia 1111111111, 11. 3, 31.
3111111111111111.53. Balaa-
ricuar 111112, 11).

Balesium 111.3,15.

nab.. oppidum ⁴1³5· 5151

3111111111 11. 4. 25.

Baitia 1111111 t, 21.

Bambotum 1111111115, 1.

11115111 11. 5, 19.

3111111111111115, 1.

1111111111 111. 3. 15.

Baracum op. 5, 5.

Baragaza 111. 5, 34.
Βι1111111111111111.5,32
Β11111111111111.5,23.

31151111 11. 14.

31111111111.11111111112,2

Barcepremontb, 1. 111. 5.

3111111111111113,4.

3111111111111.3,1. . ,

31111111113, 4.

Bargeni 11. 5, 34.

Barrus 51111111 4, l&

3111111 111. 5, 23.

31111111111111111 5, 31.

Bargylus 11111115, 11.

3111111 11. 3, 15.

Baris 1111111542.

3111111. 911511111121.

31115111111 114123.

311111111115, 32.

311151111111521.

3111111111 11111 5, 31

3111Ιί111 11. 4, 23.

31111111. 3, 15.

3111115111 pe. 2,Ι3.

311111111 11. 4, 25. 23.

3111111111 111. 3,4.

Bastuli po. 3. 4.

Rutulorum gant 1151 M.

mummi„ 1111113 ⁴2 ²⁰· 351

3111111513.

Baths 111. 5, 34.

3111111 111112, 195.

3111111 51111111 3, 4.

Bathymi pmii, 32.

311511111511111114, 13.

31111115511 11. 5, 32.

11111111 flumen 2, 19.

311115111111111519.

Bauli 11. 2, 9.

3111111 11. 5, 35.

31111 gens 11111 4, 23.

31511111 51111112, 15.

31511111111111. 19, 69.

3151111111 geos 5, 33.

31151111 publ. -

31111111 fluvios 329

3111111111. 4,33.

311511111111114, 19.

31111111 111. 4, 33.
311111111111 11514, 31

Belgites 11. 3, 23.

Belippo 11. 2, 3.

3111111111. 3, 4.

Bellovaci 11. 4, 31.

Belou 11. 3, 3. 5,1.

3111111111 2, 15.

3111 111111111111115. tu.
3111111111 our 3, 23.
31115111111 111. 4, 19.
Benacus lacus 2, 194.
Beneventum colonia 3, 15.
3111 111. 4,13.

Bercorcatas 11. 4, 32
3111111111 pe. 5, 13
311111115111 tractus 5, 29.
3111111111 11. 2, 13.
Berenice 11114111 215. 5, 5. 5,

Bergomum tp. a quibua 2, 21.

3111111 11111114, 39.

3111111111 mona 4. 15.

31111111.4,13. 5, 19. 25.

3111111 111. b, 35.

Berytus colonia 5, 11. 5, 32.

31111111. 3, 3.

3115111111111115,44. 2491

31111 11. 4, 19.

Betasi 11. 4, 31.

Baton itineris Alaxsmrt 1111-
111521. 22.

3111111111. 3,4.

1111111113, 3.

3111111111. 5, 23.

3111111 11. 3, 14.

3115111111. Hispaniae 34, 41.

31111 bricius 6, 1.

3111111111 111. 4, Ab

Bisaltae 11. 4,11.

Bisanthe 11. 4, 13.

Biagargitaui po. 3, 4.

Bistonum gens stagnumque 4,

311511111 descriptio ate-42

3115111111 oppidum 5, 43.

Bituriges liberi 1. 33

1111111111.3,19.

3111111 insulae, 11.

3111111111 1ο. quales 5,9.

31111111 pu. 3. 9.

Boagrius 31111111 4, 12

3111151111 op. 9. 25.

Boccbi regis regia ubi 5, t.

Boccori 1111. 4, 25.

Bodincus, id 1111111111 3. 2, 29.

Bodincomagum 11. 15.

Boebeia lacus 4, 15.

noea oppidum 4. 3.

Boeotiae descriptio 4, 1, tontes
nobilest, 12. regimateiusop.
4, 4.

unguntum regio 5, i.

Boii 111. 3, 21. 4, 32.

Bolon 114, 14. 5, 5.

Boiorum 11111111 3, 29. 21.

Bolani 11. 3. 9.

Bolbitinum Nili 1111111111 5. 11.

3111511111 iasub ¹ '⁶

Bolingae 11

311111111

Bombos 51

Bomitae 1

Bononia 1

3111111111

{orcamp

 

