INDEX GEOGRAPHI'CUS. ι 191

11111111111111111111. 11111111111111111,21, 11111·Ι111111111111111111,1.21.111. 1111111111. 1111111111. Fu.
111111111111111 1111111120, 111111111122. 11111111111 1111111111111111111,19“1. 1111111311. 11,21. 1111111
111.1111111111111113,10. fon- 111. 1111111132. 111111Τ1111111111121. 111. 2,106, ma. 1.11111112,111.
111111.111111111111111118,1 11111111111.1,1. 11111111111111111111111211. 11. 10111111111111, Min.
11111111 31111111. Industria 11111. 20. 111111111111111,11. Iulia 1111 imm. 81111111 11. Syn.
Iberusfluvinunu.0‚ll. 1111111111111111,21. 11111111111111111011111111. 1111111211111111111112111,
11111111 11111111 1,31. 111111111111111..·1,1. 1111111111 1111111111. 111111 111111111211.3,21.1’111111
111111111111,20.21. 1111111 1111111111111111111,1.10. 111111111111111111,11. 11. 212. 106. 8111111111. Tu.
1,11.11111111111111,20.1,11. 11111111112,100. 21. 11111111111111,12. 111111 1111111111291,.11111111,0.
111111111111111,11. 1111111 1111111 11111 ’111111111111111 101 1, 20. 22. 21. 1111111111 1111111111 11. Lucrinus 11, 31,
1111111111,1. 11,11. 111111111111. 111111111111 2111. 11111111, 1. ΕιψὶΙίιι,
11111111 11. 1,1. 1111111111 po. 3, 21. 22. quindecim 2, 12. , 23, 1111111111 1, 21. Lemo 1,
111111111111.1,11. 1111111 1111111111 0, 81. 1111111111111118. 0. Lycomedis 1, 1. 1111111111
1111111111111,12. 111111111111111111111111111111, 1111111 promont. 1, 20. 1, 31. Μ11111111211.19.Μ11-
111111111111. 18. 111111111111111111. 1111111111. 1111111,0.11.Ν11111111, 101111·
1111111111111,1111181111111 11111111111111,21. 11111181- 1111111 1111111119. 1111113,11.Ρ11111111111,2.1111·
3, 11. 1111, 2121. 1111111 1111 111111111111111111111111111. 111111111111111111111111.811·
111111111111111111, 28. 1111111111. plum odoriferae 1111111111.1,1. ’ bonis 1, 11. ’1111111111 1, 20.
11111111111111.2,21. 11221. 1, 12. infui 1111111, 10. 1111. 1111111 1131. (111111111111, 13. 1111111311.
11. 1. 1111111111111112,81. 1, 21. 111111111111111,19. 01111111111,11. 1011111111111
111111111111111111111111,1. 11111111 Ponti 1, 21. 11111111 1111111111111111Λ. 1,10.Μ11111111.11,18. 111111-
11111111 op. 1, 22. 11. 1111111,29. 1111111111. 111- 111111811111 11111, 13. 11. 111- 1111111. 01111 1, 18. Tuon-
1111111111. 1, 1. 1111111111111111201. 11111111 1111111111,11. 1111111 1111111 tiammo. 111111111181.
11111111111.1,1. Αο11111111111111110,11. 11111- 11111111.1111111111111111111 11111111111131.
11111111111111111111111111188,21. 11111111 11110, 21. 11111111. 1..111111111111111,10.
1111111111Τ11111112,1.1,12. 111111111111111.3,1. 111111Ν11111 111121. 11111111· 1111111111111,1·1.1.Α11111.
111111111131,21, 1111111111 1113111. oppidani 1111111,111111,01111111,111111, 1111111111111111111118 1,2
1111111111111111.1,11. , 1111111111111111111111118, concordia. Contributa 3,11· 111111111111111111111Λ1.
111111011111111111,20. 0111. 11111111111111.11,11. 1)11111111112.23.1,1.1.111111- 1111111111111,22

Idalium 1111, 31. 1119. 1111111. 11111, 1. Cum, 111111111111,21.
1111111111111,1,11. 11111111111111111.1,11. 111111111,1.11111111111111.111- ι1111111111111,1.
111111111111111,1. 11111111111111111.8,1. 11111111, 11. 2111111111, 1. 11111111111111,11.

11111111 111.81111111111,13. 111 op. 1, 1. 011111111111. renum. 1111111111111111,30.
111.111111111111,11.11.1,11. 1111111111, 11. 1111111123. 1111111111. 1,22.

1111111, 11, 1111111111 1111111 1, 2122 23. 1111111ιί1111. 1,11111ῃίρ1,1,1,

Mem. po, ³, 11. 1111111111 0111111111 1, 2. 11111111111111111.1,11. 1111111111111111, 20. 21.
11111111111111129. 111111111129. 1111111111, 1111111111111.11,3.1.2.’1.120. 111111111112.

1111111111. 1, 1. 111111, lm, 11. 1111111111, 30. 111110111111111111 1111111111. 111111111111111,31.
11111111810. 111111111111111 111111111111111 11111101111111111.1,3. 11111111 1111113131.
ΙΙ,,,11111111.1,1. 2,11. 111111111111111111111. 11111111111111.1,1. 1111111111111111,2.1.
111111111111111111. 1111111. 11111111111111111. 111111111111111111111111111. 11111111.1,111,

Ilergetum regio 11. 11111, 11. 1, 30. 11Ιί1111Ιὶ111. 1,10.11. Lampon· 111111 11.
netiflimulams. 111111111111111,11. 11111111111111111111111111111- 11111111111111121.

111111 op. 1, 11. 1111111111 1, 21. 1111126. Lampsacus op. 1, 11. 1,10.
11111111 op. 1, 1. 1. 11111 11112, 106. 1111111111, 20. 1111111111111111111,11.
luem· po. 1, 11. 11111011111111111111111111, 11111111111111111111.1,2. lu· 1111111111111. 11,1. 111.
1111111111 po. 1, 11. 2. 1111111112101. olym 11 111111111111111111, 11. c·- [11111111111121.
Ῑιῑριοῃ,3,3, delubrum 1, 1. 1111111111. 11111111,1. 111111 111111111111111111111120.
11111111,11.21. 1111111111.1111111111111111111 Iunoniam 111111111111111.
111,ιηι.’,,31.2,11, 11111112,101. 01111111111111 111111111111111111111111,8. 11. Lanuvii 1111111111111121,10
111511011509. m. 1,111.1,11.1111111111111111,;111. 1111111111111111131. 11111111 111.

11111111. 111111111111111119, oppidum 1,31.1.11111111112,111. 1.111111111111111111,111.20.1,
111111111111.1,32. 111111111111. 11111111111.1.1,.’11.111111111 20.1,1.8,18.

Infirmi op. 3, 8, 1111111111 1113, 1. 111111111111111 111111. 1111111111. 1,19.

1111111 11. 111. 11111111 op. 1, 23. 1111 11. 11, 21. 1111111111 op. 1, 11.
1111111111. 11111131. L Ι.1ρίι1111111111111(1111111,6. .
1111111111111111111,11.28,21, 111111111111111,11. · 111111111111111111111.
111111111111111112100. 1115. 111111111111,1.1. 1.111111111111111111,32. 1.111111111111111,13.
111111111111. 11111111111111. 1111111111,2.’1. 111111111121. Larendani 111112.
111111111111.1,1. 11111111111111,1, 1111111111. 112. 11111111111,11.

1111111, 3. 111111 po. 3, 21. 1 11111111111111. 1111111111. 8, 11.
11,.ῃ1111111111,3,1,1,ι,,,,,1, 1111111121. Leborino pm 0111111111 18, 1111111 1111111112.

, 1111111111112.11,1ι, 1111111111111,22. 2011. 1.11ἰ1111,11.1,129,11.
111111111111 po. 8, 11, 11111 11111111 3, 13. 1111111111 11111ρὶ119- lm. Lulmeib. 111.
111ιά1111111.1,1. 1111110111111111,10. Labyrinthus Aegyptius 1, 11. 11111111111111.1,11.1,11
11111111 11111 1, 21. 1, 21. 211, 1111111111. 1, 11. 31, 111. 10, 110.

1111111111 111111, 21. isidi-portuum. ¹ ¹ 1111111111111111111111111111 1.11111111111.1,1.
1111111111 11111111 1, 21, 11111111 1111, 11. 81, 11. Lamum 1111111111.
Imbros 111111 1, 28. [1111111111111112. [1111111111 111111 11111 111- Lamos 1111111121.
Imityrin 11. 1, 1. 111111111110.1,1. ruit 28¹· 11111111 111112. 1, 20.
11111111 1111111 1, 9. 11111111111,21. Lacedaemonii· 111111 imperii ι11111111111,19.22.1,11,31.
1111111111 111. 11. , 1111111 11. 1, 11. 29. «minionem 1111111112, 21. 11111111. 1,20.
11111111111111 1, 12. 1111 po. 0,1. , Lacetani po. 1,1. 1111111 po. 1,1.
India 111111 1111111 pm 1, 21. 1111111111112.112,1,22.1,2. Luci op. 1, 1. 1111 1111111111.
11111111111111111 111111151ξὲ 111· 11ξῖ111ῧέ1111·Μ’ ’11111111111111
’1 11 · ’ · 1 · · 1
1110. 11111111111111111111. 111111111Τ111111111,18. 11111111 [1111111111. 1111111111111.
111111111111131Λῖ.1111111 1111111,11. Ρ111111111111,1. 111111111111111.3,1. 1.1111112,1.11.11.
111111ιί111 11. 1. 1111111111. 211. 1111111111111111111 111. 11111111,10.1,39. Ι.111ι11111111,31,11,11.
1111118. 1111111111111111. 111119. 1111111111111110,10.21,1. 111111111111111111111119.
1111122. 111111111131,21, 1111111181. 1111111111111111111,11. 1111111111.1,21.
purpurismum& 1111111111. 11111111111111111111111111,21. Lucanicum ,1,1. 11111111111111,21,
111111, 11. 111111112121, 1111111118,22.11111,11. laconicum 11111111111111 [11111111111.
emporium, in Aegyptum nn· 11111 fluvii 11111, 111111, mgni- 1, 1. Laurentum op. 1, 9.
11111110, 20. 1111111111 31, 9. 1111121. 11111111. 1111111 11111111111111,1. 1111111111111111.1,11.
10. 111111111111111113111111 71111111111 1111111111111111, 111111111111111. 1111Ρ111111111.8,21. 11111111
11111111111111,111. succinum 20. 11111111111111111111111 11111 qum 1111 1111111111 M.
11,21. 1,21. 11Δ111111111111111111· 1111111299. 11111111 1111111111 minimam
11111111111111111111111,21.09. 11111122. 2101.1111111111111111111111 11111111.
' 1111111 1111111121, 111111111111.1,18.21. 1131.11111111111111111111111- 1.111111111,23.
1111111111 1111111 11 1111111111111, 10. 1111, 211 0. 11111 1111111111 ιρι o . 1, 31.
131111201. 1111111121. 1,1.011111112,11.8111111111 11111111111.
11111. 111111111111112. 11,11.1’11111111112,01.1111111· 11111111114111·

62 *

 

