488 INDEX Gssoemulcus.

111111111111,1. 1111111111 1111111111 11111111 1, 18. 0111111111111111111111118. 1111111111 1111111.
111111...111111·1111111111.. 11111111. 111111.. .
011111 1111111111111111111111· 1111111111118,88. 111111111111118. 11111111114,28.
11111818. ingloriam-omot- 11111111 1111111 1, 28. 21, 88. Η1111111111111111111.8,18. 11111111111111111111,28.
11118, 8. 1111111111111111114, 1111111 1111181118, 48. 111111111111111111118,12. 1111111111 111111811111111811118
84. 011111111111111111111- 111111 oppidum 8, 18. 1111111· 1111111111.8,82.88. 11111181814.
11111ο118, 1. 1111182, 11. 1111811111. 8,1. Homolion 1114, 18.
0111111111η11111111114,18. 1111111 op. 4, 8. 1111181111 1111111 8, 21. 1111111111 op. 8, 24.
011111118111111111.8,88. 111111111111114, 12. 28, 21. 1111111181111111118,1.8. 8824 811111111111111.
(11111181ρί11 11111118, 21. 11111111 11111111 1111111128. 18. 11111111 po. 8, 21.
01111111 Ρ111111111111128, 118. 1111111111111.8,18. 111111118111111111118,88. 1111111111 8111118411.
0111111111 11. 8, 8848. 11111111Ιί18 praefectur· 8,8. 111111111111111 promontorium 11111111111111.4,18.
0111111 1111111828. nelo· 1111118, 1. 8, 81. 8, 85. 88. 1111111111 op. 8, 8,
611111111111111111111115,18. Heliou 111111. 811. 111111111111111111.8,1. 111111111111111111118,18.
011111111 oteramo· 11111 11111111111111114,14. 111111111111.11,11. Η11111111111111111Ρ181111, 11
11111118, 18. 11111111 11111114, 211. 1111111111 po. 8, 88. 1111 1111111 111 opibus 21, 48.
(811111111888. Helleni populi 4, 84. Hesperii 1111111111 1111111 111111 1111111111111111111111128.
Grovii 1111111118,81. 11111111111111811111111118,1821. 1111112118. 1111111111111111.8,18.
011111111111.8.8. 41. 282. 181111111111111- 1111111111.111111111118,88. 11111111 po. 18.
01111111181. 111118, 82. 48. 11111111111111818. 11111111111111111281.
01111111111111.8,18. 1111111111111111111118, 82. M. 111111111111118,8.8.8. 11181111111111111111,Ι8.
01111111111118111118, 82. 1111111111 po. 4, Ι. 1111111111 8, 8. 1118111111 11. 8,14.
0111111118. 1111111111 1111111, 21. 111811111111111111111 4, 28. 1111111111 1111111 8, 21. 28
eugenos po. 4,81. 1. 018. Hermodoro· po. 8, 82. Hibernia 11111114,88. 1111111111. 8, 28.
011111111111118, 1. 1111111111 111118, 8. 1111111111112,88. 8, 14. 4, 28. 111111111111111.88.
011111118111114,28. 1111111111 po. 1, 81. 8,88. 11111111811112, 1111. 1118111111118,28.
cottone-pos.momorum· 1111111111 1111111818. Η11111111111111111111. 8, 88. 111111111111118,28.
1111181, 11 1 1. 1111111111 1118, 28. 111111 op. 8, 88. 1111111111 8, 28.
0111111111111828. 8,11.82. 111111111111111,18. 1111111111111111111818. 11181111111111.8,18.
cyrenoru- 111111 4, 18. 1111111111. 8, 21. 11111118111118,18. 1111111111111111828. 22.
011111111111118,88. 1111111111 po. 8, 18. 111111111111111 4, 28. 1111 11118, 21.
011111111111111118,11. 11111111111.8,82. Η1111111111111111111111881821. 111111 111412.
0111111111 111,8,8. 1,2. · 111111111111.8,14. 82, 8. 1111111111118111114,28. 1111111111νί118,18.
181111111111.8,88. 11111111111111,1111811111111 111111111111111.1,11. 111111- 1111111111.8,18.
01111111111111111111111111111111 8, 2. 81, 1112. 1111111118,88. mommoreto! 111111 regio 4, 28.
1111111181. Heniochi 111111118,4.8.18. 12. 2, 88. 11111111 11111118.
Gynoooopolitioproductorum. 111111111111111118,18. 111111111111.8,18. 1111111 regio 8, 28.
01111 po. 8, 82. 111118111111.4,11. 11111111μί1 11111118, 11. 11111111 op. 1, 11.
0111111188. 11118111111111111111181111112, 11111111111111111.8,18. 111111111121.
0111111111.4,18. 1181128. 11111111111111111811. 111111111111111114, 11. 88, 48.
0111111 op. 8, 88. 1111111111111111111111118, 11. 111111111νὶ11 8, 82. nol 111111 11, 18.
(1111111111 111111 4, 8. 1111111111111111111118,28 1111111111. 1111111111 8, 8. 11111111 11111118, 88.

’ 0111111111 111888. 11111111111111111111111111111 11111111111118,15. 888. 1111111111.8,28.

Η 88, 28. 111111νί1111 11111128. Hypaepeni 11, o, 11,

· 1111111111111111118, 88. 111111111111111111111111111188. 11111111, 1811181111111828.
1111111111.8,28. [1111111111818. 1111111111 11111111111111111111111111118, 111111111811.4,28.11,81.11,41.
11111111111811. 8,18. 8111181111818.81111111818. 14. 1111111111111111211.82111,
111811111111111.8,88. 011111 82881. Ρο11121,14. 111111111111.8,88. 111111111111.8,88.
111181111111111111111111,88. 18, 2. 88. Macedoniae 4, 11. 1111111111111111111.8,88. 1111111111114,21..
Η11111111111111181,88. ’1111111111 (111Ιὶ18 3. ⁵· Ηὶιψὶ ον. 5. 81. 11111181111111111111111114,28. 8,
111111111111.4,18. 011111112,22.4,11. ’11111111 111111111ιί 11. 8, 28. 211.

1111111111 1118, 14. 4,28.0111114,28.8111111411. 111111111111118,48. 1111111111111114,21.
1111111181111115,81. Heracleum promontorium 11 11111111118111111111.8,18. 11111111111114,18,
1118111118111. 8411111. 8111111184. 11111.8,8. 11111111111111111,11101111118, 1111111181111118,28.
1111111111 omnio. 1111111111111111 111111111118, 8888.11111101111111111118, 1111111111181111111,1111.
111111111111.8,1 8881812. 8. 1111111111 ib. 1111111818. 11111111111118,11.
1111111111111111111111182888. 11111111111111111115,82. 111811118,18. 1111111111. 11111111811114, 18.
88, 48. 88, 8. Η11ι11111111111111111111.881811. 88. Τ11111111111118,4. 1111111111111111114,11.
111111111111111.8,18. {studentiumNilioroiomon. 11111111111111111,12, ¹ 1111111111 1111118, 21. 11111111
1111111111111.8,88. 111111111811111111.4,2. Hippon Dion op.5. 18. 111.8,18.18.28. rincum
1111111111 ,8, 11). 11111111111111111118,18. Η111111111111111111118,8. 111118,21.8,8.14.18. 1111-
1111111111 1111124. 1111111111111114,28. 11111111111111111111 8, 88. 11111 1111111111. 8,11.
11111111111111111.11141. 111111111111111.8,8. 111111111111111111111821. 1111111111.4,12.
1111111111111111111 8, 28. 8, 82. 1111111111111111.8,11. 1111111111 fluvius 8, 4. 111111 op. 18.
1111111111 1111, 11. 1. Α111. 1111111111111 po. 18. Hippuri· 11111111 4. 28. 111111 1111111 4,18.
111111 op. 4, 14. 111181111111111. 18. Hippuros 1111111 fi, 28. 11111111 po. 8, 18,
1111111111111111.8,28. 1111111111 sylvae 1111111181 18, 111111111111111 1111111128. 1111111111111118,8.
111111811111 11111 8, 2. 2.11111.1111114,28.28, 11111. 1111111111 po. 5. 28. 111111 po. 4, 21.
1411111111111.4,8. 111. 1111111111 11188. Horo. 1111111111111111111118,14, 1111111 op. 4, 8.
1111111111 op. 4, 2. iugum 4, 28. Hirpino po. 1, 2. 11111111 florio· 8, 28.

, 1111111111ὶί11.4,28. 11111111111111.8,8. 181111111818. 1111111 1111111
111111111111. amau· 1111111 11111111, 111, Ι.
111111111111111,1. 111111. 11.111111111112,81.112. 1111111111111111118,8.8. 811111. 1111111111111,30
1111111111111118,82. 8,1. 8,88. 111111111111111 promontoriorum. 11111111 111111.1111111111,15,11,
111111111111.1,11. 111111118111111188.11111111 mirmpureurgloo, lodonrpow.
111111111111111111111111111112, 828. 1111111418111111111111111 11111111111111111111111111111111 111111111111.
181.11111111111111118,8.8,11. 1101111188. 1111118818. 111111,111111111111111111, 1m120..0pp·‚.1.3‚14,
111111111111.8.82. 11111111 111118, 18. 1111111111 111111.11111111111111811111118, Imm 1111. 8,11.
11111111111111111111118,21. 111111111111. Herculio ,1, 101111111111111111,11, micula„ ⁰1³· m.
nomaso· ⁰1¹· ⁶·11· 11111111111111111,1,11, 1111111111111111111, ruri 1.,,11111111111111111
111111111111111111.8,88. 1111, 1181111111111111111111 1111812121. 11111111 18. 11. 1111111811111111111Η, 18.
11111111111111111111118,18. 1111111181. 818. 1111111111 88, 82. 1111811184, 11111111. 1111111118.
1111111111288. 1188. 11111111111111.8,28. 18.111111111111111188,28.111111- 1111111128.
111111118111118,88. 1111111111,4,11, 11111 1111181148. 1111111188. 111111111118,28.81.

111ιῖ1111 18, 8. 111111181118111118,28. 82.1111111188,28.111112,48. 10⁸0„ {alulfi-⁰ ¹·

111111 0111111 populi 1, 81. 11111111111. 8, 81. 1111111188, 88. 1111111111 fl

1111111111. 888. 1111111111 1111111181 81, 81. 11111111111111 gentium numeror [umfluvfi
111111111111111111111111888. 111111111111.1,1.28. a, 1, Μωμε

ΜΜΜῙΜΙΒῘΙΜῙΜ H‘'¹¹¹3¹5¹¹¹¹¹⁰1³·¹·²⁰· 11111111111111111,11. 1153 po, 1,
⁸³· ²¹· ΗΜθῦξΜ ο11· ⁶, ⁶· Hirprnenro 1111111111 11 8, 8. lum„ 11
1111111111111111111111118,11. nemorosorum Humum ,1, ³, 10, lump
²¹4⁹· 1111111111111111111111111,8. 1111110111 &22 “ Μ, ρ.

 

