166616 6666616161666. am

mein, μω, 1, m. 11611166ῑί161 1116111 61 putu· 866161111111611611 61, 10 fi 21. 86161111616111, 16

1611111111, 11, 6, 22. Sami 116. 6, 62. 8166116116. 6. 11.
116111111111661161 16161166. 11666616611161161116, 6. 8666161661 pro-ouantium 1, 86161111111616111,21.
116116611616161 61. 111116611116666161111161,21. 2021. schoeno· 6161, 11.
mim. ,11621 Rubico 11661611 6, 20. 8166116116. 6, 10. 11. Schoenus 1161116611, 11.
1161116161 pn. 16. 11611661111166111,6. 816116166111.6,61. 8616666111 116611 6, 26.
116111116111666666,11. 111611166616116111116621.1666- 8666111616.1,21.6.61.1,66. 811616111616116 1,26.
111111661166. 16111Ρ6Ιι611616,12. 1111111161· 8161611116 op. 2, 106. 6,21. 86166111 mona 1,6.
1161166111 foeminarum 6, 21, 111116116612, 106. 6111116611 8166111166161.1,26.11,61. 81111111611161.1.2.
1161666166116111661161116. 161666, 06. 161111166612, 11. Samothracam 111111661611161 86161666111111111116116, 6.
116161 po. 1, 61. 1111116 116111 661111611611111· 66161. 81111611 po. 1. 26.
1161111616161161.61. 1161661. 8161116161 11665· 8111116 6111. 6, 26.
11111111161111661.6,661. 111161166161116616161. 8161616111, 1. 8161116166, 11. Schoenon 66616166166616, 11.
1111611616111616,21. 1111161111ιί pn. 6, 16. 816611116161 po. 1, 26. 8111111611, 1, 1,
16166616161116611,611116- 1111116161116.1,22. 6111111111.6.66. 816161611616116,66.11.11.
16611161161166,11. 1111,61166166111,11.6,1. 81611611166161611611611626. 8,,μ,1,ι,,111,15,
1116161161. 6, 66. 11616111 6111. 11. Sandalion 161. 6, 61. 66. 8661116161161611, 11. 616.
11166111 161161, 26. 1111161116 111166. 8111111161 1. 2, 11. 612. 8,,,,11,,1,,,,1,16,
1111161111 161621. 1161661ιί16 6611661661. 81611616 op. 6, 11. ” sem„ 1,,1, 11,
⁸ 11166611 11661. 21. 21. 1161611166661661666. 816611616616161 61. smmum μ, 1, 11,
116661161611111116, 26. 116116116611.6,2. Sannorum 610· ⁶2 4· 86111166661161161121.
11111611Τ616616161116. 6, 21. 11111 16616116, 6. Santonum 11116161. 8616111 op. 1, 11.
1111666161.1’161161,20. 116116610111116116.1,6. 16, 86666161611,26. 3,,1,,,,,,1,11,
1161616161 16. 6 quo 6, 62. 16 6 1. Aquitaniae 116166. 8611661 po. 1, 16. 61. seylam ,1,1, ³, 15,
11116661111611,11.16111 1161611116 Latio 6, 6. 81116611. 6. 35· 861111161116611116, 161611161,
11161111 1161161 6, 1. 11616116 fluvius 6, ,1. 8111111111. 6, 16. 11, sayna, „mmmmm
· Rhodoneapom. 111616111111611616,1. 81111666111.6,11. 8611111166166161616616.
111611666111661166616,16.11. launna-upana. 86111111. 620. 8611166111 116610.
11611661111116611.6,6.10.12. 8116111166 op. 616. 3,,,,11,,,,..,,1,11,,η11,16. ·
θ’ ”a S· Sssdfl'ssl ⁰0⁵1 ¹· Styri ⁰0⁴221a
111666 1616161, 22. 6111616101111616,61. 861166116111111116,26. 3,,,1τ,,,,1,,,,1,,,,1,,,1,11,11,
1211211111011.ὖ,35. 811110 ox« Μῧ. 8111211 11Ρ.5,22· ‘2³90 Scyrum. ”10⁴¹ ΙΙ, ⁸
66111111116111611111,10.16, Sabaei rabum 66662. 661111161116·1.,26; Scyro· 111116 am.
1111, 8616161616 insufla 21, 61. 8111166616111116116 610. styma 1,,11, 11, 11, v
11166661 Germania· 1166161 1, 8116116161116.6,1. 861116116161611111.6,16. 1116- 8,,11,,,,,,,,,,,,1,,,,1,,11,,1,11,
16661.111166111111616, 1116611- 61116161616611611. 6661161, 52· 1111161, 16. 611. 1661. 616. 61.
116626. 61. 6616116 6. 21» 1, 6616111111166161161 31123· 311166661116, ¹⁰· 8111116116111111111116161,11.
61. 6111161616 6611611111, 26. 8611611611. 6, 61. 8111166666 161116 6, 6. 5,,,1,1,111,,,,1 mmmm·
Rheaperia 1611111 6, 66. 86111111 op. 612. Sarepta 611. 3. ¹¹13 8611161661 61661 6, 26.
11116166116111166.66. 8166111 116- 6, 11. 811161611160116610 ⁶· 2· Scythici Oceani 1166161611.
1116116111111616,21. Sabini 116116 111116, 6. 11. 8111166116 po. 1, 11. 1626. 616. 8,,11,,,,,11,,,,,,1,,11,
111616111161116.61. 811116111111111111116612,111. 811611161616111161,16. 26. 86111616611116. 1, 26.
111616616611.1’6. 66, 21 16. 8111111611. 613. 8666111. 6, 66.
Rhamma 1616116, 62. 811111116νὶ61 6 21. 81166111. 1. 6. 86116116 1111611.
1111116111ςί po. 6, 16. Sabota 1111. 6, 61. 12,12. «8616616111 sinu· 1, 6. 6. smmi ,0, 1, 42·
111116616111162. 106. 81111111 op. 6, 1. 6. 8116111161110·6, 23· 86111111 611. 6, 6.
1111616661 ss. 6, 62. 10. 6, 10. Sacae 86111116 116116, 16. 861611 11. 1. 22· , sebastopoli· 6111. 611. 1, 1. 1. 6.
11111166111166116, 11. 86116 1111. 6, 16. 8611611611661161.11. schema. pamm 1, 2,
111116116661616116111,1. 6. 866111661116.6,11. 86116116 6661616,21. 11, .
1111116166 6111. 1, 20. 816111 op. 61. 8111166161 116. 6. 16. sehim 1,,,1 1, 11,
111111611666611.6,26. ⁴ Sacra 1116111661. 616. 86166161611661.6,21. 3,,,,1,,Ρ,,,1,11,
11111161 611. 1. 11. 81111 homine! 111010οἱ21ῑὶ1311· 3101112613· 861116616611611611,1.
11116611 1111. 6, 21. 11 1111111, 11. 8611611033013136 866111111ιὶ pn. 1, 62.
11161111 fluvius 6, 1. 86111166 op. 61. 86166611 161. 6, 60. 86661161 116. 6, 11.
1111611616. 6, 26. sag-aeno· 611. 6, 21. 8116111 116. 6. 22· 861116611161 11611, 16.
11116116 111166. 61166111111111.16. 8611661161 1161. 61. Seduni po. 6, 21.
Rhodani 1111111 111111111166,6. 81116111616161116, 6. 861611ὴί116. 626. 861166116611.6,16.
2, 106, Sangia Ρ1111611616,26. 81111611 op. 6, 26. 861616 op. 6, 6.
Rhodani 1616111 1616116 621. 6111611611. 66. 1. 81111661 po. 1. 1. segesta 111. 6, 1. 26.
1166111116 6111. 620. ‘ 8611116161616,1. Satricum 611. 619· 8611611161 po. 1, 6.
111611666161661611.6,16. 116. 8111116616. 8616161161116.6.ῗ· Segestica 1161616626,
16166616611616116161262. 811116616662. 86161611161116161.2.83· 86116166161116111116Ζ6Α.
111181112’.ἰῗῗέἶξὶἷ.’.Ῐ”ἕ,”611ζιί ’ζ 323{;3¹1;.221¹0¹5t..1.⁵,2. ἓζῖῧῖῒῑῖἓῖιῗιυῖῑιὶξὲ. gssfffflttnssffissagba', 16
16. 1, 22. 616. 1161116111616. Saitae pn. 6, 61. 811111 1161116161. 6.1,2.2,22. 8616161166 6161616.
aulae 6, 66. 1116166611.1’6. 8616 11161111 11 611. 6, 1. 8616111161 1166, 11. segobrigam· 1111. 61.
111611616111611.6,26, 8166161661 866166111611611. 111111, 26. 66. 3,,,11166116
816116111111116166 611166161611. 81166111166116.6,26. 116. 8616161116616616 1611611.
111161616661616,26.1,5.11. 8616611611666. 8161661111161616666616616. Sasu-ima, 21.
111616111611111,21. 8116611666.1,20.6ἰ.11161,11. 861611. m. 8616611611 1666116616.
111616166111111116 duaa 611. 81111111666661. 61. Savus 11. 6, 22· 28· Selambina 611. 6, 6.
1116661111 161611 6, 1. 8611116611.6,16. 86116161166134· 86166111 op. 6. 11. Euphraten
1111661161 11611111 1, 11. 811111661116616616 61. 86111111 colonia 1, 16. 1111111616, 21. 6, 26. 661 ’11.
111616616161666,16. 8111111116.6,21.21.161612. 66111111.1.61.11. 11161621. 811666166111.6,16.
11166111 61616161 6, 16. 8611116166116,1. 816616116111.6.31 16. 16. 26. 6, 60. 61. 66. 10.
Rhoan· 611· a'b· ⁴ 8616 stagnum 6, 61. 8616161616 op. 11. 86161161 16111111 6161116, 21.
1116111611.6.16. 811661166611166166161626. 866666166635· 86166661 616666 61116661161611·
, 1116661611.6,15. 81166116116.2,111.6,6. 10. 86616161661, 10. 16111612.
Rhypara 11116111 611. 10. 16. 8611111161, 21. 861666161166 1, 11.
1111111616 omo. 861616166611.1,10. &manniam-⁴22⁴!- 8611666111116,1,11.
1616611616. 1, 16. 6611616116111 61, 61. 8166111661. 612· 81116616611611.11.
1116666 161611 1, 60. 8111111611 16. 6, 11. scantiae aquae 2, 111. selinus op. 1, 11.
1116661 1161. 1, 61. Salona op. 1, 26. 8111111661. 6, 6. 86111 116. 1, 1.
3111211011- ³, PWJ· 811101 fl· ⁶, 2⁸· 8111611616 611. 3· 21· Senem 116. t 16.
Riphaei 66661611, 21. 26. 621. 81116116116161166611166. 81111161611. 626- 86111161166111.1.16.
66. 111. 8611111616. 8661166111161166616011113123· 8661661111611.3,11.
11111 11611611, 16, salutariam (31616111 2, 6. 8611111116 161. 1. 20· 861161111611162, 11.
1111616111 portu· ὅ, 1. Samarabriae 116. 6, 21. 8661111116 611. 1, 12· 8661661161 611· 3. 26.
Roda 1111111114. 20· 81611116 161166, 11. 6, 66. Scatebra 112106· §euboniam- inulam& 611.
21001061166113061-12106. 8166161116161.1,21. 86611111 1161. 1, 1. 2611.
11666611111111611,10. 8161161661 116621. 8661166166616, 11. Samira-{dia 6166, 61 fluia 6111
11161161 16116111 111 61161616 161- 8116111611. 1, 66. 86661166 11616, 12 610. 12. 616. 662
66111610. 866616161661111. 86611111161161,12.1,11. 63 8611116166ιί611,16.

Pana. 11 aar. Naana.

 

