INDEX RERUM. 471

14144114441444 1111. 4414444444 4141441141111.11. 1414441411441444441444411144- 14144444444141,14. 141444.
14114114401441414444441144411, 11,1.11.11,111..21,1.11,41. 1444,4441441.4.11.11.11,11. 448441444111. 1414141441·
11. 14, 44. 11444414441141144114 sotumi 41441444444114144 44· 414441140444444411144111,
84141414411444111111144 4414444 11,11.444144114111,11.411.11. 11114411411411,1.4411141114 4111444411.14141141141’414
1441414411... 14111111111144141411· 141111·
4114411 ...4111141414 144ιῖ41. 441441. daim? 444411113111411111444 ms. 4111141114ιῖζῆᾞῖῗῖἶῖ
8414141144 11, 11. 11. 111. 11111141. 1114. 1411414414144144444414444114 1414411. 8411144414444111411.
84141114411144111444111.111. 14, 11111. 1111111 1111. 11,.’1411121111111 41444411441114111,11. 44114.
84444444141444441111.1444- 444141444414144114,4114144· 84114114444 11. 414414441114414144111141444444 ‘
44441114441411,11. 4411444414411141. 8411414144144444411114141 11114 144444441441414444
&abaci 4414414 44141 144144 sanguisuga 444414 411414444- 14111. 11411. 411441Τ4414444441114444411111
1111. 1111. 14441444 44441 1411411111. 1141. 14444411· 841444444144441441141,11. 111. 41444144144144414141114·
1111. 4144414 1144441 11, 41. 41414 44414 11. 41. 41. 11. 14. 8411444444111414411,11. 1144 114441444444114114114111,
4441441ι41144411,1. 1114. 444441444441441141, 11. 8411444444414441.11. 1111. 14. 444411 44144 4114441141.
11411111· 1111111111111· 1111411141 ¹⁴⁹³· 111.
. 4444 1 1 · · . o 441 4 um 44441 114114
14414144441441141111. 4444- 1. 44ω4441444111ἰ1. 441444- 8441μὶ 111.14144114141,14. 1411441444111144441411,1. 844-
4444444411, 41. 1411141141. 414444414441444 (14414111. 8441411144141114144114411. 414 4141111411. 1144 44144, 44
1441414144 44444141, 41. 844144441411111, 11. 14111. 8444141414441141144411,4114. 444444144111144414. Scipio
84441144114141141441141114, 84114, 444414444441441141144, 11111114,1141111411111111411, Δ44111.11114444444 1144414411,
11. 8444114141411441111. 1444141414114111110.4144 11. 1. 8411144141.1411111,11.
1844141444 4441444144 11113· 144144414411414411111. 414- 844411441144441411,11. 8411114 1144144144 114141 114414.
8444144441411444444111. 114144411111. 84444414444 41444144444114111 111111411111411,14, tlePoenis
1441141411144144114444-81111141111411111411141114114. 110. triumphu· 11. 1141144144ιί4
4144111111. 444144444444 1441 1111111. 4411144144 444- 8441144444114411421,11. 141441114411,11, Allobrogi.
4141 4111144444 41 ex 44 41411141- 1144444114444411114414 144- 84414411141441141111111,11. 4114 444414441441111411111111.
4441111. 41144411. 14441444411Ι,1. sapientiem 8441144444141141444141111144444. 44,441114414141444144411141.
8444414414441444411411,11. 4144 41441444111,11. sapien· 1114111114 14441441114441 11114444141444441141114414114
844144441411,1.14,14. 11441414 4411444114 quae 11. 11. 4411411111. 4441.44141411444 444441441111. 14111141). 444.
8441444444,44441444144411444- 441114444444144414111144111. 4444411410,1.11.1Ι,111.11. 4441111. &plunnium
4144, 44414444414444441444, 84111444444411114444114411,1. 11111141111111111. 44 414144111414444140411114114
44144444111144141. 8411141414 411144 11, 11. 111 1. 11111. 1415. 1111. 1111. 11, omium, 4141114444111444411.
811114ἱι4010115122. 8411411111 1411111111 1140. 1111111111. 1014111141. 84111144414444444144444444441
14444444444444411,11. 84141411414414114414444144 41411141111111. 44411. 1411411141, 4, ,414111141111411114
144111144144411444441111. 1111. 4041411111140101115. ⁸⁰⁸· 444441141414411. 1144414·
144441444141441411,11411. 1 84111144441414114414414114444 111444 4414444144 4411414114 111, 4441444144144441144411414441
84414144444144444414441441. 1111. 44444414414414411,11. 41. «1414111114. 14111111444114.
114 41 44141441441444444441- 4411114444 414144444444114111 14444144444114144414444444· 4411414114, 1411114 4144441114.
1144141444411111. 44441114. 44114444 1144144444 14444111. scemenum 414· 444444114444141444441441141
84444114411441144444141111111. 141114411414,14. 41144 4114 44411111411,14.1.. 41144 4444. mumma, 4414111414,
8441111414 consideratio 11, 10. 11111111111111101· 114114301003110· mmo! 1441441441,44.4144114144441-
4411441444 14 1144111114 14411141 14111141141114411411114111. 4414111511 1144114411. 41.4444414144,41 .
tonant 11. 4444441114 (1114111111 8411144444Ρ114444444111444411 8444441441.4111441441441412. 41441444414411,11.
1111111111. unguinis 41144114 111111414441140114. 11. 14441414444.1,11.14,11. 3414111111.. commentiolum.
ιι, 44. 4441414444 mmm 841444444411411,14. 11. 1. 14141141444414,11.
4414444 4444144411444444111, 1111114111441,14. 8441414441444 1141444444 ,1144444 54141144144111 dampnans.
11. 444141144411111114114 441411 1411141141114411111. Ml· 1441441114 444411144411414. 11.
4441441111 44114414 44411411, 8444444114444144144444111444114 8444444414 1444414 1144141111. 44414414411441141,4,
11. 44441111111411411111111114. 1111124111. 111δί1111121140· 1141110141ὶὶ 14414 414411441111. 44414.
114111. 444141444141111144. 144441444441411144114414414144 114414 41 44 444411141441201 1144 414 4414411141441414 pa.
44411444444414144441114.44, 1111. 11111. 11. 11111. · 11411111114444444444411410.
14444111111144411411, 41, 1444414114414411111441111. 1144114114114414444441141- 41411111141111111. 11.
qnorum 4411114 4114141411114, 8441411414· semma 11. 11. 44411111111 11. 11141411. 1111.
11111. 114. 441411441144111111. 84411444444444444141.1111(1). 8111110111414411110114001115. 8441114414414,144414444444
44141441441111411111114444, 844141144141111.11. 8444114114444141. 1144441111. 1494. 41, 44.
4441414444 4414114411444, 41, 844414411414411141411.11.144. &unbem insectorum 444- 84411444444141Ι,14.
4111411114 11111. 44414ιί4444· 0001111111 .
411414 441441144444111, 11. nem· 101014 wilmun 1111111128· 1141111110 1114141114141444441141.
4444141 4114114444111411,44. 444444441441. 440 1101111 30130· Uirum 5¹¹ 8441444414414141111. amq.
1444414414 44411111 curn 11141. 8441141114 4444444 441441141411. 1111141211 101· 4114011110· 8441444141444144 ,11.11114.
fluminivulnerumeohibissffl. 21. 24. 1114411111Ι1444111111,15. 1111111111. , “A 1. 441141111ῑὶ 141449.
’14, 4444411441411411114114114 44144411444444441841111444414 8444114444 4414414141ιί 1141. Ε1144444411144441441411444111.
m, m, 4444444141111141.. 1114. 44411414444414441411. 84441144444444411,11 1441441111.
4114144111 4441441414 4414. 4441141111. 81111141111311113· ”nst 8441144441444444441111.
44441141441141. 14411114 u· 544444111441412151. 0114. δί· medicinam. nlenten 44144 8444144114441441111.
144411444441411411Λ1. 1114. 44414 114414411114. quanda 1111. 44144111441444 ’41144 144441441441411,11. 4444141.
444141444444444411Ι,111.14. 441144144111. 44414444111. 44411,44.11.14.11.11.
4141114 quo tolletur 11, 111, 414, 844414144144 4414444 44144444 &natinaei 4411Ιί14414. 14, 5444141144441411,11. contr·
44441441441441444414444444411441 1101141411111411426463.411111Ιί1 11.11,1411.11,14.44. 1112. 1144441111. 1411414142ῦ,11.
1141. 11444141411111141111111. 444144 41 equorum 14414 4414- 4444444 0411441444 inuenti 1111111111).
411441141141. 4444414411414, 41144141411111111111111144, 14. 44114441141414144441444444 31411144444114441141111. 14,
44. 1144444441144114411444114. 444144444411141444111α. 44144444111 444444441114· 24. SM!- ,4111414441151
44411141. 444411141114411111 544414414444441114411444141111. :ieta-zm. 811111ἱ3101 113· 844411444411144141111.
11. 11. 1111. 4444441444 4444. saepedum 4111414114 1111. 0111111115- 44441114111114 41414 31411414114411411, 11. 1111.
1414 44 4441444 mummi· 11, 8444144111441414441441111111411, lum Stlsstissn‘l‘dwfilln 844411444411411,14.111
11. 4444111141441414444441444 10. 10011011111400111012151, Scorpioftutenw.
41444114411411,14.11,41.11, 1444444 44411144 44 4411441144 844114111441411111 14441141144141111111.111111·
44. 41. 44. 14. 14. 4. 4411. mamam 81114144144411111εο 111 111111 1, 14. 1111111111 14,
4444414444 reficientium u- 84114414 44144444444111444114 311011114111111111111111115131 11. 11111141.
4444411444444414111411, 14. 11111. 441144411441414414 01101011410111110128113· 8444414444144444141444441144.
111111.11.14.41.11(1).14. 111114114411111114111114. 811011111110110144411011104 111144 eommunia 11114411.
1111, 11114041, 1114. 444414 1444111111. 41114114, 111. 1141. 444411444444444444414111411
1. 1. 11. 11. 11. 1114. 11. 10. 111411141411111141 1114. 81114441144141,24.11.11. 1111. 1444441444110,11. ut
14. 11. 11. 11. 118. 1111. 41. 84144444 1114111111441111 qno· 8414141144 14441111111. 4414· 441141144144144444444411414
14.1.1.1111.11,11,14.41.44. 444444411444414411,1011. 10111110111113011111014 444144144111144444111441.
11,1.14.1411.11.444,114, 44144444 4414444441411, 11. 11001111111011112145114111· 14411111 4111114144 4111141141.
11.11.ζ11.11.111,14.11.11, 4444114444144144111441414411, 414411, 11111. ι 441141441111444114444 4441144
11.11,41.11.11,1144411ιί4 11. scinciconsidentioetnedne.ux 44414 4411141111. 1141111121·
41441444 41111144141411141111. 8411144144 11441144 confidentia, 118111» 28130. 414444141411444414411,11.
11114.- 1111141411ῃί1. 4414. 44144144111441141111. 84ἱ41441444441111,11. 14444441441111201Ῑο0· ‘1¹¹⁰-
141414 auctionum genialibus ·’44 4444411, 14111111.11111111111111411 444414 4441144441114444111110.111114·
411444441111. 11. 44411ιί444 1111141. 411141411441414414111. 44 inposito 444411141141111.. 111

444144444114444. 4111114. 4411144444 44411414 8444144111441411111.11,41.1.

 

