INDEX GEOGRAPHICUS. ³ 185

8111111181. 8111181111». 8,28. 11181111111111.1118111111111 8111111111, 1.

811111111111 0. 8, 88. 1111111 811111 m 8, 21. 11111111111111111118, 8. 0111-

81111111111118111811288128. 1111111111.1,11. 1111111111 1111181. 1111 1111111111 8, 18111111 tn·

1),11,,,,ρ.,1,,.,,,μ,1,11. Ι11111111111111118,8. 11111111111111. 121. “ 11111111111118,28. 1111111

8111111118, 18. 1111111111 11111111 1,1. 18. 18 1111111111. 8, 28. 1111 1111 8, 81. 88. 1111181111

8111111111 op. 1, 28. 1111111111 po. 1, 88. 111ιί111111 fl. 8, 81. 8, 81. 111111 1118, 18. 1111111111
,0111111111111122111111. 1111111111111811111111118,28.28. 111111111111118,88. 11111111, 28. 1111111111111111

orum· op, mo. 28. 88. 12. 111111111111. 8, 22. 82, 11. 1111111 descriptio 8, 28.

⁰⁰¹⁰¹⁰⁰1²⁰·⁸‚²2 111111111111111111111111111188. 1111111111 op. 8, 28. Ρ111111111111111181, 1811111.

om op, 1,,1, 111111111Ιί11 mnne 1, 8. 1111111111. 8, 88. 1111111111 8, 81.

omma, ⁴. 11111111111 op. 8, 81. 1111111 1111111128. 1111111 regio 8, 28. 28. 82. 1111-

οηί 1,,1, 1, 1111111 op. 1, 18. 11111111 1111111111. 8, 28. 28. 111111 11111118, 88. P. 111 111111

811111111 pn. 1, 18. 111111111111111111, 12 11111111 pn. 882. dive· 8, 28.

8111111111111 8, 8. 11111111 11111 8, 28. 11111112, 112. 8, 28. 11111111Ιί1 1111128. 18, 18.

8111111111111111111111111811. 11111111 1111828. 11111111111111111 1111112188. 111111111111.8,8.

81111111 po. 1, 32, 1111111111 pn. 1, 2. 1111111111 11118, 28. 8, 88. Petinae 1118, 12.

11,,,,,11,1111,ο,4,11, 11118111111118,18.1111118,11 111111’11111111.8,28. 111111111111111111,28.

ο,11,111114,15, 11,11, 11111111 111. 8, 18. 1111118,18. 1111111111111111,28. 11111111111, 12.

0111111, m, 111111111111111, 18. 1, 81. 1111111111 1111111128. 11111111 11118, 18.

0111111811111 pn. 8, 8. Ρ111111111111111 011 1111· 1111111111 11111111, 28. 111111 1111128. 21. 8, 82

8111111111181111118,8. Ρ1111111111111 0111111111· 11 28· 111111 111. 1181· ⁰ 11111111 1111111111 syriae 81, 18.

011111 ,1311) ffb, 111111111111 1111111 1, 8. 28. 1111111111111111, 8. 8. 8, 88. 11111111 sicinae pn. 8, 11.

011111111111111 1, 11, 1111111111111111 1, 18. 1111111111 prusenus 8, 21. Petrocori 111188.

oni· «111111 3, 9, Pannoniae 8111111111 8, 28· Pausilypum 111111, 12. 8, ’18. Peneo 11111111 1, 21. 21,

(1111111, ομ, ih, 111111111ιί11 1111111111 1,28. 11111111111111111118, 28. 1111111 nntium Danubii ⁴. 21.

811111111111118,11. 1111111111111111111111. 1111111111 ο.8,18. 111111111111111111111818.

0111111111. 8, 18. Ρ111111111111111.18111. 1111111111811, 18· 1111111111111. 8, 28.

811111 regio 8, 18. 111111111111111111111111111 8, 8. 111111 11111111 18. Peucen... ,1,,1 1, 11,

81111111 pn. 2, 28. 11111111111 11118188. 1111111· θ11111 ²2· Peucini (1111111111 po. ⁴, 28·
1),1,,,,,,,1η11, 1, 11, 1111111111111111 8, 18. 111111Ιὶ111 1111111111. 8, 28. 1111111111 op. 8, 28.

01111111111111,18. , Ρ1111111111111111118114. 11111111ιί 1111. 111· 111111111111 111128.
8111111111111, 21. 111111111111111 pn· 81 1· 111111111111 no. 8, 28. 9111111181 op, 1, 11
01111011· 8121· Ρ11111111111 11111111 11 11· Pede-nn op. 8, 211· 1111111111 11111111 1,18.
Oxii po. 21, 21. Panic-pean 111. 1, 21. 28. 1111111111 op. 8, 82. 1111111111111111111 ⁴, 1,
011110118118111 315- 1· 1’111111111111111111 1111· 11 ²⁰· 111111111Ιί 8, 8. 18. 1111111111 op. ⁴, 2. 28.
811111 lacus 11 fluvius 1, 18 11. 111111111111 111111 1111112, 188. venna 1111111188. 1111111111011111, 11111,
81, 88. 1’1111111811111111811111111ῧυῖ· 11111111 ⁰1³· 5111· Phalacrum promont. 1,111.
Oxyopum 111. 8, 88. 1111111101 811 51 15· 1111111111111111151 11· 1111111111 111188.
011111111111 praefectura 8,8. 11111111181111115121· 1111111111118,21. Ρὴ.11,,,,1,,,,,4,11,
(holte 111. (11111111 1,1. Ρ1111111111011·5119· 111111111111 8, 88. Phatne op. 1, 11.
Paraetacene 8. 81. 21. 11111111111111 11. Pham ομ, 1, 11,
Ρ. 1111111111111111111111111 8811. 11111,111111.8,8.18, 11111111ιί1- 1111111111111131,
1111111111 11111118, 8. 11111111· 1111111181· 111· 11118, 81. 111111111111 111111· Ρ111111111111111,11.
1111188. Ρ11111118111111111· 11111111111111, 8. 1111111111111 11111,,1,,.,,μ,1, 11,
1111111111111111.8,18111. Ρ1111111111111·1113· 111101, 11· Ρ11118111 111 111 111111111 11111115,
1111111111. n. 1, 11. 1111111111 ⁰⁰⁶· ¹¹· 1111111118. 11111111111111.
Ρ111111111111111 11 11· Ρ1111111 1111· ⁶· ³³· P⁰l⁰ 11111111 3²2 11· 1111111111 1111111111, 1.
8111111111 11111111 188. 88, 21. Ρ111111111111118111· 1111111111111. 188. ptumo ,1,11,
Pacyris 11111111 1, 28. 1111111111· 1111· 51 1· 1· Ρ1111111111111 1³⁰· 31 ⁴· 1111· Ρ11111111111111 praefectum. ⁰.
Pedi ’8111111111 descriptio 8,·18. 11111111111111111111111· 1111111111111.8.18. 1111,1.,11,,,1,,,,,5,11,
8, 81. mi. Pedum nonem 11111111111118181· Peligni po. 8, 8. 18. 188. 111111111130,

· 1111111111111111,1.111111. 1111111111010111111111· 11111111111111,18. Ρ1111111111111111111,11,
1188811181. l’ulinppidnno· Ρ111111111Ι111·81 18· Ρ8118118811.18. 11111111111111111111111 Qu,
11111 8, ’1. 111811111111111 ssi- Ρ11111181151211· 111111 toloni! ⁴, 11. 1111111111 111111. 13,
etun 1. 11· 28. 11111111811111· 11111111111115111· Penne 1111. 11, 1111· 11111111111111111111.11.
2111. 111111118111111111111, 111111111111111118. 111111811111811111111111111 1111111111111111111111111,11,
28. 1111111111111112,8. 111111 1111111111 111112. 8818881181. 1111111111 11111811.
1111111838.111111111111.8,28. 111111111111111181411-11121 8· 11111111111111111118,88. 1111111111 11111111, 18.
1111111111 1,11. 188. Ρ1111111111111111011112· 1611 5· 11111111111111118,81, Ρ11111111111111111,1,11,1111.
1111111111 1111. 8, 18. 1111811111· ²⁰· Pellene np.⁴. 18. 1111128. 1111111 1111111 quen.
vaesanus 1111111 8,18. Parnasum 1111111, 1. 21, 118. 11111111 op· 1128. 11111 11 Monuni· 1111111 18,
811111 111, 1, ⁴. 11. 111111111111111111111115· 111111111111111111111111111,8, 21, 111111111111111111111111·
1111111111111111111,81. 1111111111111112· 1111111111· 1111111111 11111118, 88. 1111111281. 11111111 11111188,
Ριμη 1Ρ,4,15, 11111111818818118888111011118188. Pelopi· 01³·Ml. 1894,
Ρ18111111111111111111128. 11111111111111 1111111113· ²⁵· ¹⁸¹· 1111111111111111111111.18111. 11111111 11118, 1. 8. 8, 88.
1111181111118, 11. 11111111111101111121· 21· 11111· 111111111111111111111118,18111. 111111111811111 annuenti· dele·
1111111111 1111. 8, 88. nunu· 1121. 11111111 po. 8, 28. 28. mei 18, 2,

1111111111.8,18. Ρ11011111111011111· Peltuinum 11811. 1111111111111112118.
111111111111 81111111121. “ 111111111110·1111· 11111111111118111 1111111118,11.11. 1111111111 111111.
11111111111111.8,21, 1111111118121· , 11111111111111.8,88. Ρ111118,1.18.8,81.
11111111111111111. 8,·28. 1111111111 1111111111. Pelusiaca 111118. 111,1,,,1 1,,Ι 1, ⁴.-
1111111111111111, 11. 1111111111111111 1, 9. 1111111111), n, 15, matham. praefecum Aegy ,11
111111111111 1118, 88. 11111111111111.1,18. 111111118111111, 18. 18. 1, 1.
111111111111111111111111111 188. 11111111111111.8,18. ⁸ 1111111111111112,188. 1111111111.1.11.11,1ο.
1111111111111 11111. 111111111111118,22. pentapoli. „350 5, 1, 11.,,ῃῑῑ 1111,
81111111111111111 o . 8. 21. 1111111111 111. 8, 81. 81. 111111111111111 111111 8, 81. 1111111111 111112, 88.
11111111111111111 1111111811 1111111111 111. 1. 21. ι 11111111111111111111,28. 111111111111.8,21,

n. 1, 11. 111111111111111111, 1811111111 1,,,11111111111,11, Pnennu 11111111, ’
81111111111111.8,11. 8,81.1)ο111113112·11011111111· 11111111111111111118. 11111111111111128, 8. 81, 88.
11111111811111111115111. 1110110111·1121·01114118.8,88. 1111111111.8,18. 111111111111211.
1111118111 1118111111111, 18. Parthanum· 11111111 8, 81. Perge op. 8, 21. Ρ111111111111111,18.
11111111111111111111111111,18. 1111111111111111181118· 1111111111111111111111118. Ρ111111111111111111111,1.
1111111111 111. 8, 22. Pennenopolinoppidunn.⁴18. Ρ1111111111·11188,18. Ρ11111111,1,8,11,18,
1111111111111111111111.8,18. 8,18. 111111111111111111111. 118118. 111111111111111111111.
Ρ1111111111111111,1, Parthenope 1111. 1111111 8,8 Pergamum 81111111. 1,28, phul. 1,,,1 1,, 1⁰.
11111111111111111.8, 1. 11111111111181111118. 111111111111111.8,8818,28.88, minimuum.
1111111111». 1, 11. 11111111 1111111811. 8, 28. 1111- ⁶0- 1111111 11111118.
ΡΙΙΙοῐι 111· 81 111· 11111811111111111111.11111111. 11111111111111111111111. 828. 8, 81. 11111111111111111
1111111111. 8,11. 111111111118,81.1111111111111111 111111111111111.8,28. 8111111111111111
11111111111111118112 2112. 8, 21. 11111111111111. fi, 1111111111111111118,88. 1111111111111

111111111ιί1 11111111 111181818, 81. Parthi 11 Scythae ex 111111 1111111111111111111111118. 111“

111111111111.8,2Ι. 8182. 1111111. 1111111828.111111111111111111 11111111811111111118, 1. 8. 888. l

1111111121. 1,18. 88882. 11111111118,28. 8811111111· 1111111111111.8,82 21, 28. ‘

 

