474 INDEX RERUM.

11111111110111012101.01111 0111012000, spirtum 1111111111111111111 1111111111 211. 1111111111·
1111100111111111111111111- 011111111111111111111111111111 2010. 111111111111, 1111111111111.
‘mmm mm„ ,11η impu. amm 11, n. 5111111111 01111111 1,2. 11111111111111111. 11111111·
* 1111111111111111111, 0. 1111 0111111111 111111οεί11 parim 81111110111111111111112212001, 1111111111. 11111111111111111,
1111111111111111111111111111 1011. 20. 10121. 11. nanuum-idn, 11111·
1011. 11111111111111111 re· 011111111111111111120,10. 0111111111111111111121,20. 1111111111101 111210 11111·
, 11111111000121111 511010111111ἷ“”·“ 0100001111111. 11111 1110111121 11ῗὲἴὲ
11011011111011. 11 aquarium 0111111111111111111111111101, 0010. 21,10.21,12.11.11.01. 1111111220. 11. 1111111111·
1111111111 10111. 1111111111 00. 120. 2102101. zw- 12,οι 1111111111222. 1111111111
11111111 111 1111100001. 111 011111111111111100,00.21..01, 01, 01. 1111111221. 111111111111111111
quotidie 11111111111111111111 11 0 1. 20. 21. 01. 01. Splonum 11111111ὲί1 20, 11. 1111111 mn. 1111111111 dium.
111110111111111101101. Satin obstetrix 20, 20. SWffi 0011111111· 11100. 011521 11112,00.1111111111112,22.111-
11111 praemia [1111111010. 0111111111 Perside 1111111111 1111111111 2000. 11. 11111111111111111111111,10. 11·
1111111111111111111111111- 1111111111110, 0. 8111111111 §mmo-ubam&- 111 111111110101111110118160
1111111120. 1111111111121, 1111111111110111111111120,10. 8111111111 111111111111111121, ’11111111111111111111111, 111
01.11111()111111111111111101,10. 8111111111 1111111011. 111111 10. 111111111100111Λ1111111ι
ο111111111121,11. 1111111. ob· 10, 00. spondili· 11111111 21, 110. 1111111111111111011111001.
111111111111111111111111111- 011111111111111121,04. spondili 1111111 111 1111111111 1111111111111111011. μω.
11111011, 00. 1111111212. 11111- 8111111111111111111 1120. 111111 02, 00. 00, 11111 10, 00.
111111,00.11.111111111111111111 Spumeus 111111 11 1111111111 8111111111111111111111001, 0111111111111111111111111.0,11.
mingendum 2010. 111 11111111 111111111111111100,11.110. 2101011111111111111111112, 01, 11, 11,
11112011. 1111 1111111 1111111 011111111111110,00. 22. 101111111111111111111111 summ· gni-mmmm,
' · 01,11. 1101111111 11111111 01111οῑ1111 11111101, 10. 21,10. . 10.11111111111111111111111,10.
1111111111 22, 01. 111111111111 8111111 111111111111 11011. 11. 8111111111111111111111111111· 11111.111111111111111111111111111
111111111111111111111 0. 111111111111111111121,10. 11111111111010.01,11.11, 11111, 111011111111111111111.
8111,111111ο11111111110,10. §ptum 1110111111111111102, 10.11111111111111111102,10.00. 11111081111111111111111111111. ·
solicitam, 111-1111111100· 20. 11111111111100,01. 220. 811111111111111101,11. sullimannum. 1111111ι
1111205. 11011111111111111· 21, 212012. 1111ιί11111, id 81111111 1111111 1111111111 nitu· 11 1111111111 1111 umque
11111110,21.00. 111, 1111111111 1111111111 11111111- 1111 01, 1. 11111111 rond. 2012. 01. 011
81111111111111111111111111111111- 1111111111111121111· {HM-⁰8· 8101111011101110111111 0111- 11.10.21.10.22,11.
11110, 21. mmmm. 26181· 28121. ⁸52³· 8111111111 1111111 1111111111111
0111101111111120,00.01. 12,20. 81111011111π1111111120,0.1. 1111111111111111οῌ.
811111111111111111111111111111- 8111111 11111 1111111 12, 02. 11111111111111201. 0111111111 11111111, 12.
(111111111110,10. 2201. 8111111111111111111111111111111 811111111111011. 8111011101111111111100.
01110011111111111111111. 21, 00. 8111111111 piscium 1111111112, 01111111110111110. 11112001.
10. 0001. 2,11. solstitiali· 01111111 11111111111111111200. 11. 11111111111111110111. 8111011111111111111121001,
1 1111111112ἱο 1111112011. ,11 11111111111111111111112, 01111111011110211. 01101. 10,
8111111111111111112οΛΙ. 11- 11. 11 1111111111 1, 01. 1011. - 811101111110111111111. 8⁵,OE-
1111111111111111111111100. 0111111 111111 hpidum 111111111- 0,111111111111,11.11 1102. 81111111111111111111110,10.
111111111111111111111111101, 11111 01, 10. 01, 10. 18111111 11111121, 01. stapham 1111111111 11ι111111111
00. 111111111111111111111111· 811111111111111111111111111111- 011111111111111111111. 1111110.
11112011, qu 1111 11111111 1111111111,10. 11111111111111- 811111111111,110. 0111111111111111111111111,11. 10,
11111112020. 1111111111 10, 1111110111. 11 1111110010. 811111οω111111111111111111101, 001111111111111111111111111,
00, 11111111111111111111111111 11111011 011, 21. spondaque 1211 0. 2100. 10. 1002. 111111111-
animalibus& 111111111ιηί11- 11111111111111 2, 111. 111111111- 8111111111111111111111111111112, ω11111111111111111111110οῥ0
11111ῗὲ1103.ἵο’οῗ’ἲέ; 0111100001οἚ1111,............1..... 8301111111 '¹ '‘⁶¹⁰⁸''
1111111 1111111111111111111111 1,10. 11, 01. 1111101111ιί- 21,0. 011111111111111111111111111111-
11221010. 1111111 111111- 11101101111101111111111111, 811111111111 12, 02. em 11,11,
111111111111111110,0. 1111111111 01. 81111311111110102. 0111111011111101,00.
11111111111111111121,0211111 0111111111 11111121,11. 811111 1111111111110111.10. 01111101111101111120102
1111111111111111111111111111οΛ1 0111111111111111111011111111- 8111111111111111111111 16, 21. 01111111011111111111ι1111110,
11111111111111111111110, 10. 0. 111111111120 1,111. 811111011120,11.10.12,21. 0002. 1111111110,10.20,10.
u. 111111111111111111111111. 8111111111 1111112111. 2020. · 01. 111111111111111111111111111
1111110111. 1111111 11111110, 811111111111111210. 8111111111 1111101. 11111111. nundinam, 111111111111·
01100200110 111111010011111112111111... a* 1111111110· 111.
1 · 1 · 1 ⁴ ι 1 ¹ 1 11 ·
20,20.22.20.20.10.10. 21,10. 01111111111111011011.1. 81101111111111111111.21,01. pimini&
, 101100. 202010100110. 811111101111111οῌ1. 0001. 01010111111111111111111,11; 8111111111111111111111.2,0. 20,
21, 10 21121. 0120002120. 8110111111111111 0011. 811111181011110,11. 0,οὰ 10. 1111111111111 1111111111
2010. 0010. 0211. 11111111 01111111111111111111111111011111- 811111111111111111111111111111111111 10,01.21,10.01.00.20,21,21.
11111111111111111112οΛ2. 1111 21, 01. 212-11. 01. 100. 01, 111. 20,10. 02.
8111111111,111111,1111111111111- 811111111111111111102. 81111111111111111011. 10. 111111111111120,21.21,
111011111111111111111111. 011111111111210. Aegypti· 0111111111111111111, 11. 21. 1111111111111111111121,
01111111 1111111 21, 11. 20, 00, 10111. 011111111010. re· 81111111111111111100, 21. 111- 101111111111111111111111111-
011011111111111111111111111. gine 1111111110. 11111111 1000. 111111111111,111111,11111111111 111201.
1111110001. 1111111111111111111,11,1111. 1111111101,0. 111111110111 Stesichori 11111111111111121.
0111111111111111111111111 1111 ,1111111111 10, 20. 11111111- 1111111111111 21,10. 1111111 111- 11111011111111111111111111111
11111111111111111 1012 1. 1111111111.1111111111111111. 111111111111111.11111111111111 11110.
11111111 1111111 1111111111 1, 00. 1111111,10. 011111111111111 eapite 11111111 1111111 11111111 0111111111111111101,10.02,11.
1110111011111. 1112000. 111111112000111111111111111· 21, 100. ,1111111110110 11- stibiunqnidssm.
22, 12. 01, 2. 1111111111111111,11-11. 1111111111 1111111051. oque· 0111111111 11111111. 11111111 eun
Sophocle· 111111122002. 1111111111111111.10.11111111 1111111110. 1111111111111111- 1)11111ο1,11.
0111111 11011111111111111101. 11111111111111111111111120, 1111111,11111111111111111111. 0111111111111111111,11.
10010 10. 11111111111111111111- 111111111111111111111100,110. 801111111111111111111 11111111
01111111111111111111111 1111111110,01.111111111’1111- 11111111110111.Ι1111111111 11,11,
1111111111 11111 1111111111 11111111111111111,01. apim 1111111111111101,10.11111111111 811111111111111021.01,1.
1111111110. 00. 1111111111- 11111111 111110112012. 2110. 11111111111111111110111. stipadium 1111111111 1111111-
11111111, 1100111 urbm 11. 00. 20, 21. 011111111111 1111111111 cooperit 1111110010
1111,11111111111111111111111111· 8111111111 111 11101. 001ξο. 81111111111111111111111 1111111
11111, 0110. sorbonn 11111- 011111111111 11011111 1111111111- §nunquamne-omnum. 11, 0. 11111111111111111111
1111 11111111. 2010. 1111111111 1112011110. 011111111111111111,11. 11111110,11. 111111111ιί11.
:minoratio 11120. contemn- 81110111111111 1011. stelephuros 1111111 1111112101. tonitam 11111 11.
1111111111111,1010.111111 811111111111,1ξο. 81101111111111111Μι &oenomaum-221³.
1ο111111111,00 0111111112οδ. 8111111111111111111111111111111· 01111111111111111111210121.
01111111 111 1111111111111110, 81111111111111111111101,1οξ0. 11120. 1111111111 1111111 11 101.
02. 1111111 11111111111111111· spino 1111111111 10, 11101. 111121. 1111111 111111111111 011001101111111111111111111
ἴῦῃξοψοιηᾶειὲῌι. quibu· {fixoria-rafim. 1111ςέ11 quidun?t 111111. 10, 1. 0, 101. d· Ι Η m
811111ᾞῖ1 19119111 0, 11. ξᾶἷῖῗ 1 tuq-mum :hiatum-:rehi- 5111111Ἒτ11ζ21111111111111ἷι1.10...
811111111111.011111111)02,20. 81111111,11111111“1111111ῃ111 111211, 11111111 obmutui stazonirmdniiuxmtu. 1101·
01111111111111 1111111200. 1111111121. 111111111111112,11.οιιι1111· 111101.

 

