INDEX RERUM. 113

11, 1111111116111111. 811111111111111111111, 11. 111111111111111111111111111, ’1111161111 1111111111111.
11,11.11.16.11.11111.11.111. 8111111111 1111111111. ,1.1,8.11111111111,11. moui 11111111111111111,1Ι,
11·.11.111.11.11,1111211.11 8111111111 111111,1111111,11111, 11111111111111111. qun 1111111 8111111111 1111111111,11.11.11.
111. 111111111111111. 11. mmmm. 11111 quo· mmmm. ⁴ 1111. m. m. m.
11.11.11111,11.11.11.111.11. mnnimfiunlmss. Silenuncr.⁴‚86. 111,11.11,11.1111.111,11.11,11
11. 111. 1111. 1111111. 1111111. 81111111 111. 12, 11. 8111111111111111111111111. qno· 811111111111116, 11.
1111,11.11.11.11.11.11.12, Sexta· Pupinia· 111111 Plinii 1111111 1111111111 11111· 8111111111111111111111Λ1.

11. 111111 m. 1111111111 11, 11. 1111112111, 8111111111,111111111111111111
8111111111 1111111 vinum 1111111111 811111111111111111.111111 81111111111111111111111. 11. 11111111.

111111. supinum-hiemo- 1111111 11. 111111 1111111111 11, gri ubi 1111111136, 111. 8111111111 11111.
1111811111111111111111111111 11.11111111111111111111111111, 811111111111111111111111. sanna 111111 11111111, 11.
11111111,1111111111111111111, 1. 1111111111111111111111. 8111111, 111111111111 1111111111 811111111111111, 11.

11. 1111111111111111111111111 8111111111 111111111 11 11111 1111061. 1111111. 811111111111111111111111111, 11
w. 11111. 1111111111111111111, 1111111111. 8111ἒ111,11.1111111. 111111· 1111111111111111,11.11,11.

11. 816111111111111111111111111111 11111111111111111111,11.11111 111111111111111,11. 11111111· ·

Sem 111111111111 1111111- 111181111111111111111111. 111111111111411111. ex 1111111111), 11.

pem 1,11. 11111111111111111- sibyllini 11111 Tarquinio 111111 1111111111111161. 8111116111 111111111111111111,
1111111111Ἂ 1111. 8111111111111111111.11,11. 1111- 1111111111111111111. 1111
81111111111111,11. 8111111111111111811111. quae 11111111 quo 11111111 1111111111 111, 11.
81111111111111,1111. 111111111, 1111. 1111. 11111111111111. 1111111111 81111111111111111111111111,16.
11. 11111111111111111111. 11111111 ot 11111. 11 111 21, 11. 8111111111111111111 21, 11.
8111111111111111,11. 811111111811111111111111111 81111111111111111111111111111111. 8111111 11111 1111111111 11, 11. 11-
8111111111111111111111111. 11.11111111111111.111. 111- 11111111111111111011. 1111111- 1111111111811111111111111111111
111111118111111111111111- 1111111 11111. 1111111 11, 11. 1111111111111111111 81111- 11111. mnu. 1111111111.
11111111. 81111111111111111111,11. 1111111811111, 1118. 011111· 11. 11. 11, 111111. 21111.
811111111111111,11. 81111111..Β11111111111111111 111- 1111 11,11. . 1111. 1111. 16, 11. 11, 21,
8111111 vm. 111111111111111111111111111 8111111111111111111,ἰ11111,111· 11,11. 11111181111111111111·
811111111111111111111Μ. t. 11. 11, 1111. 11,1. 1111111119.11. 1111111, quo 11111111111111
81111111111111121,’1. 8111111111111111111 11,1. 811111 ΡιοοωΙΜῑ.“ ms. 1ῐὶὶ11ἱ1111111ί1111111··
8111111111111116, 1. 81111111111111111111111111. 8111111111111111111111. 911. 21, 11, 11, 16. 111111111-
81111111 Mammiae 111111 en· 111111 1111111111. 81111111 11111111 1111111111 1, ll· 1111111 8· 2⁸·

11111111, 11. Sicyonii populi 1111 11111 1111- 81111111111111111111111111111 81111161111111111111,11.11.
8111111111 11111111111111111111 1111111111111111,111.111111 111111111111111111 111. 8111· 1111111111 1111111111111111111
21,19. 111111111111111111111,6. 111 111111111111181. snm· 11111111111,16. 1111111111.
81111111181111111111121, 1. 11, 11. 111111111Ιί11 1111111111 11, 1 11. emin· 111, 11. oculi· 11111111111111 11, 11. 1111.
Servium 11111111 11, 11. 81111111111111111111111111111111, 8111111111111111111111,11. 111111111811. 11111ιά1111-
811111111111.1111111116,11. 1111. 81111111111111111111111Λ1 11111111. 1111111118. m·
8111111111.11111111111111,21. 811111111111111,11. smmi 11111111 consid. medici· 11111111 111111 magnitudini· 11, ι
811111111111111111111111111,11. 811111111111111111111111111111, 1111111122,11. alphion, 111 11. 111111111118111111111111,
81111111111111111,11;11. 1111111111111111111111111. 11111111111111111111111111. ’11. ⁴
8111111111111111111111111111,1. 11111116. 8111111611112. 81111111111111111, 11.
811111111111111111111111111,11. 8111111111,111111111111111111 81111111111111111111111111111111- 811111111111111111111.
811111111111111111111111111111. 1111112111. 111111111111116,10. Smummwm.

stigio 1111111111 111 11111111 1111. 811181111111111111111111. 8111111111111111112,1.111111φ11 811311111111Λ1. nusum
11111. 1111111111 111111 111111 811111111111111111111111111,11. 1111111111111111111111 111111. 111111 11111111 nmo.
mu, 11, mmmm. 1111111 81111111111111111111111111111, 1111111111111111111111111 11111111- 81111111111111111111111,1.11,
»11111111111 111111111111 11. 11111111111111111111111111- 111111111111111111,11.1ι111κὴ
111111181111111.16. 11111111- 8111111111 1111111111 1111111, 1111111 1, 21. 1111111111111,111111111111 11
11111111110111111111 mimi.. 15. 65, 8111111111111111 11111111 111 11111 111111. 1111111 11111111 1111-
1111111116, 1111111111 puni 8111111111111111111111111111, mum 11, 111. 111111111111 1111116,11. Samnium
1111111111111111.16,11. 1161611111. ,11111111111111111111111 16,11. 111111111111111.

8111ίί 13111111111111,1. 811111111111111,16.11,11. mentri· ludim 11111111 11. 8111111118111111111111.11·
8111111811111111111,11.11,6. 811111111111111 11111111, 11. ’111111181111111101111111 11111 qm· 11,1.
811111111111111111,11. 11111- 1111111111111111111111111111 1111.μ11111111111111111111111 Smynii 1111111 eamden&
111111111111111111111, 111111- temam. 11111111111111111 11. 111111111111111111111111111- 11, 61.. 11. 21. 101. 1111111111
11111111111111111111111111111- 1111111111111111111111111111 111111 1111111. ⁰1³¹i¹==¹=¹2⁰.⁰⁹·

nibmm. 11111 1111111111- volutum 1, 21. 1111111111 111111- 111111111111. 1111. 11. 8111111111111111111111111.
auu 1111111,11. plurumum 11111111111111111111111111111 111, 11 11111111111111111,16. 811111111111111.11.
111111111111,11).111111111- 1,11. {ammonae-zm 11..11.11111111111111111111- 8111111111111111111,111.
111111111111111, 1. 1111111111 invenerunt 1,11. 1111111111 111· 1111111 §ochi-Aeg 111111611112.
11111111111111111111111. in· tunoxignozm. 1111111111 81111111111111111111. 8111111111 11 1111111111111111
1111111111111111,11. annuli 111111111111111. 1111111 .8111’111111111ιὶ1111111111,16.11, 11,1.11.111111111111111111111111-
1111111 11, 1. 1111111111ιίιὶ cuique 11111111111111111 111111- 1110.111111111111111111111111111111’1. 1111118116. nun 11111111·
11113111. 11111111111. 111111 m. 111111111 1111111111 11111111111111 11111111. 1111111111 11.

11 11, 11. 11111111 1111111111 111- 1, 1. 11. 1111111111. 111111 11111 1111 1111111110. 1111 societas 11111111 (1111111111-
signet 11. potentianum„ 1116111111. 1111111111, 11. 11111111111111. 11111111,1111.

1111111111. 111111111111111111112, 11. un §inunum-antunimgypto 81111111 11111111 podet 11111
8111111111111111111111111111. coloten 1111111112,11. 111111. 1111111111. 118111111111111-
12. 11111111111111111 1111. 1111111811111111111111111111. 8111111181111111111111110. 11111111116113111. cumi·
11111111111111111,1611111. 1111 1111111111,11. 1111111 8111111111111111111111111111111- sapientium 12

11 111111111111111, 1111. 11. 0111111111111111111. 11- 11111, 111111111111111111,111 81111111 pictavinum· 11,ωῆ
1111111111111 mn. Ι1,1. 11, 21. 111111111111111111 11111 11111 111. 11, 16, ⁴§ 11.
111111111111111111111111111111- 11111111 111, 61. «1111811111- 8111111111· 11 11111111111111, 81111111111111111111111111111,
1111122,61.11111111111111111111 11111111 1111111111 ratio 11,11. 11.11111111111111111111111,11. 11111.

ed quidume 1111. 1111111111 observatio 1111111111, 8111111111 [11111111 1111111116 811111111ωροὶἰ1111111111111,1.

· 111111111111111111111111, 111111111111111111111111111 111. 81111111111611.

61. 1111. 18,1111. 11111111111111111111 811111111111.1,11. Solu-ubuum, 111.
81111111111111111. 11111111111111. 1111111111 sim 11111111 delphini nm· 811111111111, 11111111,
8111111111111111111111111111, 1111111111 11111111111111,1. 1111111111. 8οΙει111111111111111111111111ι
1112161. 111111111111111. 1111111111111111111111.111. 81111111111111111111111,1. 112,1,11.11.11.11,11.11.
8111111111 1, 11. 11, 11. 31, 1118, 1111 111116. Simorum engannim 11111111,11. 11,11.
8111111111111111111111111161, sugam„ 1111111 naz-populi 8111111111111111111111,1. 8111111111111111111. 11111111·
11. 6,1. 81111111111111111111111111111111 1111111 mundum qnadnmzi.
81111111 futurorum pneumon 81111111111111,111. 11,11. 116111111111111111 mli· 11111111 conmuni-‚no-
11111111111111111111111111,11.811111111111111111111111111· 11,11.11,1.11,1.1111111η11- 11111111111111111111111.
εὲῖῗξὲἓὲἓ.ἷ”1.ἲξῖῗὶ“ἱὲῗὲ· 11111ζὶ8881 88111188· 11811ῒέ1 ζ“.’““ἷ1’.ῗ;...“’1“·.1ἱῗ.ῖ.“ἶῑ..”,’.ῗ
sssffr‘uffi’02‘ss31fflffi'n'ffisffi sffifflgfnumn ‘m' 1ἷῖἶῖἶῖ &affin 1111. ‘123' 1ῗ1ἰ1 33323ΐῖἷὲ
hominumm. 111111111111. 811111111111Λί1111. 111111111111111.111111111111.
Setinum vitm· 11 1011111111. 11, 81111111111111111111111111111, 111111111111111. 1111111111-
11111111111 metim 11. umnam, 1111111111 11111111111111111Μ1. 1111
11111111 2121.Η 1111111. 11, 11. 1111111 1111111111ὃὸ 1111111111 1111111111111. aa&

 

...Ι

