470 . INDEX RERUM.

affizztsttaztffsaffimss: 1100101ῗῖ131Ἣῖἑῖ 01111110111111011. 0111101011.. 1 1
110110111111111111111,10.11. 1111101111111111111111111011. 200011. 2010111111. 21, 11111010.
pti qanto 11111111011111 11111111111111110.11111111. 10.21.11,21,12.10.00.11.21, 0101111111,
11111111, 0. 0111111111 11111101101. 01111111ηυὶ- 21. 81. 21, 0001011011. 28, 811111101111111110111111111.
110111110111111111111111111- 111 1110111109. Romuli 111- 11. 1111111,01,21,11,.1η,,ι“.
11111010021. 1111111111 111111011011. 1111111111 011111111111,11,ι11.11111 111111101110. 1111111111.
1111111111111111111120,1. 10111111011.1111111111111 1001. 111120,11.22,11.21,10.10.10,
111111110111111111111,10. 021.11111111111111111111111111οω11110111111101. ru- 11031, 11, 22, 11, η,
1111111111111111111111111- 001. 1111111110111010,0. 111111 caelestium 1111111 utili· 0111111111111111111111111-
11111101. 11111111111111101- 11111111011111111. 10, 00. 1111111111 1111 10, 01. 1111111222.
111111111111111111111111111· 11111111111111111112,οΙ.1111111 rustici 11 1111111111 1111111110. 0111111111111111110,20.
11111001.111111111111110,11 11111011100000. 1111· 01001111111111111111011111 11111111111111111111111111,11.
01.1111011111111111111111111 1111110. quibus 11111112000. 111111111110810111111111- 81111111111111111110110.
0021. (1111111111111111111. 1111111111 11111111111111111 21, 111111101011121,11. open 011111110111111111111111. 10.
1111021 1. nqueo 11111111 101111111112011. ungues 1111111011. 81111111110111111,1111,11111111.
11101110. 0. quatiam-,fon- 101110. 1111111111110. ¹5¹· 1111011111 fortitudo 1111111111 1, 1112011. 1011. 1111 viu
1111111111111110010. quu- 1111111003.2001101100·νῇ 19. 11101111111111111,21. 11111
111111111111111111111111110. 111111110111101111110,10111111111011111111111111111, 111111111011111011111111111
11111111111111111111111111111. 02. 1111111100. plantatio 10, 11. 20, 01. sylvestri· 2001. 1011. 1011. 1111 ubi 1111111
111011.11111.111.1)(30111- 1ο. 111111111111111111 21011. 111111111111011111101101. 1111111111101.11111111111111
111111 1111111111 uti 20, 11. 11111110121,10. 1111111111 tuta mundantia: 111111 nu. 1, 32. „lempffiffymffinst
1111011111111111111111111111- 10.11111111111110111111121, 111011. 1111111111111111 11111101, pomae 1101, ui.
1111010. 11111111111111111- 10.111111111011111111111111- 1111111111011. 11111 11111111- 1111110.1111111111101111121,
11111110111221. 111111111- 1111111.11111111101111111121, 1112011. 2010. 01. 111110111111101111,10.
1111 111111111 21, 0. 111111 10. 111111111111111111111. 1111111111 1111111010. 11111 11111111 1111111111 fluvii
11111111111111115,0. 11. 11 11110. 1111111 populi 1111 1111111102 10.11111111ι1111110.11111111
1111101111111111111111111111, 1111111111ρὶ1111111,1. 01. geum ,1, 1111110111.
21. 01111111111111111111110. 1111111 11111121, 00. Roscius 1111111111 Ρ. consul 2,10. nuti. 1111101011111111 111111111
1111111012.1111111111111101 011111111111111111111111111, 111111.οο1111111111111111ιί1- 1111111111111111111111111
11101111201. 111111111111 10. 1111111111111111111111111 1111111111111111111111101111, 10,·1111111111111111111111111
111 (11111 01, 1. 11111- 0¹¹¹· Cicerone 1. ³¹· 10.1111111111111,11. 1011111111111111111110111-
111111111111111111111111011 011111111111111,111111, 11 S ,11010110 1,, unifica. um
1111111111 11, 0. 1110111111 11111111121,19. 1111011111. · ⁹ ,1, nummum, mim.
1111111110ἷέἒῖ1,.“.“.ἰῖ1 :aaa .{251„‡‘1'32¹¹2⁰1.‘“⁰“‘ sssffitssssff'ssss{2⁰2⁸{f‘s'fim4ussf 52¹3.‘;.·::1;ff‘.53:„3¹.-2.⁴⁵4:::
1111011 111111111111Α. impe· 1111111 111111111111111111111, 11101111111111, 21. 111111111111111 1111111101,
11111 communicatum qunndo 11. 1011111111 10111 10,*1. 81011111111111111101111210. 10 01. 1111111011110111
1111111111,1.1111111111011- 111111111111111.1111,1. 810111111011111111111111002. 1111111110101.
011111011111111111,1 1. 111- Romanumque 11111111 0111111, 111101011011. 811111111111111111111111111

01101111111111101111111110, 10, 01. 0101111 iro 1001. 1011. 11111111111111111111
20111111111111111111110.11· 111111 [11111100. 8101101111012. 11111111101110.

1111111111111111,10. 111111- 11101111111111111110111111 1111 010111111111111 10, 10. Sabi· 811,11,1111111ηὶιι,ρη1,1ι,11.
Rham 11111111 1111111011. 12. 00. 111111111111111111111111111,1 &lamentam 111111 aediti.

111111 1101111 glandifera· 1111111111 111111111111111018. 11118111111111111111101- nne ³2. 11,
1111111101111101011111110, 110101111112,10. 11111111· 1111111111 1110111 purgati 0111111111 quid 1012.
1.1111101111111111011111111. 11111111.11111111. 11111111. 1010. 810111111111111111- 81111101111111111111111111
1111111·1111122,1. consuetudo 11111 1111 02, 01. 02. 11111111 1111102100. mmmmm, 11, 1011. ‘
1111111011111111111111111110. suspenditur 1011. quomodo 0101111111111111111, 1111111111- 81111111111111011011011111-
mgistratu- 111111 1111111111 1111111111 111111111111110, 11111111111111,1. 111111,11.11111111111111
010101111101111010.1111111 11. 111111 1111111111· 10, 511111110101101. 111111111001.
111111111111111111111101111. 11 8111111110111111112,11. 81111111111111122, 21.
11111111111111110,01.11111111 111013111111111111, 111111 01111111111111111111111111111 8111 mn ιο, 11,
0111111111111111111111111· 111101111111111110,0101. 2, 01. 01111102 81111111111111111111111,11. ·
11111101. 1111111111111111- 11101111011111111110,1102. 01110111111111101,10. 01111111,1111111111111111,1.
111,11111111111111111110 1111101111111111 111111111- 0111111111111111110. saliunt· 111101 21, 11. medici.
1.002.11,1001.11,10.1111. eennib.§³.45. 1110111111- 81111111111111101111111111111 1111011,

111 quon 11111 noverint 10 2. 1111111111111100801. ru· 2010201010111111111. 811111 1111111111111111111111.
111111111111111 1111111111· 11111111111111111111111,11. 81111111101111113111. quid 11111200. 111111111111
tuor 10, 1. 111111111111111 111011111111110,12.11. 10. 81111011111111111111111111110 11111011202211111111111101·
1111111111 1011. 1111111111ιί Rubrum 11111111111111111111 10. 1111111110111111111111· 11111200010111111111111-
11111010. 11111111111111- 1010. 01111102. 11111111111111 11111111. 111111011111110
1111111111110,1102 11111- 11101111110121,1. 1111111111. 11110111111101121. quid 10. 1111111101111111111·
11111.111101110111111111110 111111011111121,10. 11111111111111.11.11. 101. 111111101111111110
’1.1 11111111111111111111111· 1111111111111111111111111111000. 1111111111 1111111111111111 11· salix 11111 1111111111 111111
1111111011. 1111111111 111111 1111111111111. 1111111111111. 11111101. 11111011111111111 1111111 um& 111111101111·
111111111111111111111111. 11111021. 11011111101111, 11011111111111110,0. 10111111101111000.1011.
gentum 1111111111111111- 1110111111 21, 11. 1111111111- 01110111011111111111111111- aquosis 1111111111 10,11.
11111010. 111111111111101 11121, 10. 111111111111121, 11110111201. 1111111111 11111 10, 10. 11-
0111100011. 11111111111111111 11.1011111111111111111110,11. 0111111111ι11111111,111. 1111111111110,11. 11111-
111011111111111111,10. 0011. 1111111111 nunquam Pomponium 811111111111111101101. 1111111111111110,10. senen
1111110111111111Α1.1111111 1, 10. 1111111 1.11111111120,11. 011111111111111111111110011 1111111111111111111111111111
aufoaoffigrffiffiffila& mus! ἓῖιξέιιὶὅῗοίἓὲ {w 8ξ1111111111011011οὠ2 1111. amul: ssrffilniffillangfstpg
1111111111,00.1ο1111111110111 21, 100. 11111111111111 2011. 0111111111111113111111050. 1111111111000.1111111111·
111111001. statuane-pim- 111111111ῑίΙί1 2001. 1111. 2011. 2010. 1111111000. 11111111111011.
1ῐο 0011. 1111111 quale· 10, 11110111111111111111120,1. 011111111111,01. &senon 1111 1111111 11, 20. menthe
21. 1111111111111110111111 01111111111111,1. 1111111111. 0010. 1111111101000.111111111110
1111111011111111111101111111 1, 00. 8111111111 1111111111110111111 1111111111111111111011.
11111001.111111111111111 1111111111111111111111111121, 101001. 1111111111111111. 111111111110. 1111111 fluctu!
11101111111211.1111111111. 11.10,01.22,12.10.21,11.12. 1111111001. 11111111111111· 1111111110.

111 1111111200. sign· 1111111 20002011. 11112011. 21, 00. 1111111111- 81111111111111Μ1.

1010. 1111111111 1011111. 1111111111111111111111111111 1111111111101. 1111111111 8111111111111111(1111111012.
111111, 111111,10111 ig pnes!- 010. 11111111111101111120,01. 22. 811111111110010. 0, 01. 11-
0111100111111110111111110, 0100111111110111111111100. 10. 11111111111111111111111. 1111111 1111111011. ulpn
11. 20112. 11. 111111111111111111111· 111111111111011.
011111111111111110111111011. 1111111111ιο,20 1111112001. 11111111011111111 811111111111111111120,1.1011.
11111111111110. 1111011111. 0111111111111 consideration 2,1.=·gituruniemumdiun 11001011.

1111111020. 11111111111111 1111111111ιο 0. 2000. 2010. 10101111111111111111111- 8111111 1111111, 12. 10. 02·
1011010. 11111111 1111111111 1111111111111110111111111001. 11111011. 8111111111111111111111111111·
1111111111111111111110,0. Fi. 111111111111111111111020.’811101111011000 111111111001000.111111ἱο1111
0111111111ίο 011111111111. 1111111010. 811111112111111111111111111- armum 110111111111.51«
11111111111111 1000. nutrix 1111111111111111111111111000. 11111121. §nuntiandum 1111111011·

 

